273964851469158723185273469821346597546792318397815246718529634632481975954637182
273964851469851723185273469821346597546792318397185246718529634632418975954637182
746921583935876412182534769894215376567493128321687954253169847478352691619748235
512746983698531742734289156987124365425673819163958427349862571856317294271495638
276389541581746923934125678458962317712853469369471285893614752145297836627538194
382976451765841923194325768853214697417569382629738145548193276236457819971682534
786243951519687423234195786643718295958324617172956834425871369861439572397562148
639874251857912634124356789348521976571698423296437518415763892982145367763289145
876921453
954368712
123745896
432196587
615872934
789453261
398214675
267539148
541687329
467583921
958412367
123679845
572894613
394156278
681327594
846931752
239745186
715268439
467593821
859412367
123678945
572834619
394156278
618927534
946381752
235749186
781265493
671295834
945837612
823164597
452613789
389752461
167489325
794328156
218546973
536971248
912654873
567831492
834279156
479125638
158963724
623487915
786392541
391548267
245716389
821564793
596371482
734928156
972836541
318457629
645192378
489615237
157283964
263749815
687932541
459187623
213654789
968213475
521746938
734598216
192375864
346829157
875461392
976238541
481756923
523914687
739625418
264891735
815473269
348567192
652189374
197342856
895612743
347958612
162734859
218493567
536827491
974165238
651279384
789346125
423581976
467583921
985412376
123769845
531894267
792635418
648127593
819256734
276348159
354971682
867453921
459182376
123769845
531894267
792631458
648527193
985216734
276348519
314975682
468953721
795142386
123867945
531794268
842631579
679528413
954216837
286379154
317485692
768321945
945678312
123945768
396857124
257413896
814296573
581762439
472539681
639184257
456397821
189542736
273861945
734915268
962784153
518623479
841256397
395478612
627139584
456397821
189542736
273861945
834915267
962784153
517623489
741256398
395478612
628139574
641872539
578639412
293145876
354926781
789314265
126758943
912467358
837591624
465283197
679321854
854769312
213845976
186572493
947638125
532194687
361287549
425916738
798453261
678921345
954763812
123845697
391576428
847392156
562184973
239617584
415238769
786459231
986321754
754869312
213745986
691583427
348672195
572194638
167238549
425916873
839457261
874923561
951768234
362145798
495236817
618574923
723891456
286357149
149682375
537419682
749823651
851697234
362145987
985234716
417569823
623781549
274356198
198472365
536918472
698721354
754836912
213945687
982573461
341682795
576194238
137268549
425319876
869457123
897621354
654739812
213845976
372568491
941372685
568194237
136287549
425913768
789456123
876321954
954768312
213945876
182573469
347692185
569184237
691237548
425816793
738459621
281953674
765481392
934627158
417238965
659174823
823569741
572816439
398745216
146392587
846975321
157432986
293681745
531849267
962157438
478263519
714526893
389714652
625398174
692781543
547639812
813245796
385916427
479328165
126457938
251864379
734592681
968173254
872639451
456817923
931245678
283196745
645378192
197452836
524761389
768923514
319584267
678921345
954736812
213845697
891573426
347692158
562184973
139267584
425318769
786459231
475216893
386957241
912834567
691785432
238641759
547329186
764198325
153462978
829573614
475216983
396857241
812934567
681725439
239641758
547398126
764182395
153469872
928573614
476912835
958376412
213845769
521489376
349657281
687231594
832164957
195728643
764593128
962874351
415632978
783519642
341287596
296345817
578196234
639421785
854763129
127958463
986273451
715684923
234195687
673518249
459326718
128749536
842961375
561437892
397852164
632984175
598671423
714352698
345869217
987125346
126437859
851296734
273548961
469713582
563297841
798641523
124385697
245916738
936478152
871523964
457139286
319862475
682754319
751892643
649357812
283614795
498125376
375946281
126738954
534279168
817463529
962581437
786243951
915687423
234195687
673518249
459326718
128479536
842961375
561734892
397852164
967283541
851647923
324195687
189736452
645821379
732459168
578314296
293568714
416972835
784621539
563978412
219534786
825469371
471283695
936157824
157842963
698315247
342796158
863472951
517869423
924315687
459126738
782943516
136587294
645238179
278691345
391754862
763492851
519768423
824315697
458126739
972843516
136957284
645239178
381574962
297681345
795832641
681497523
234156789
523781964
968243175
147965832
852379416
416528397
379614258
792651843
648937512
153824796
439185627
815762439
276493185
987316254
324578961
561249378
792651843
648397512
153824796
439185627
815762439
276439185
387916254
924578361
561243978
792651843
648397512
153824796
934185627
815762439
276439185
387916254
429578361
561243978
792651834
648397512
153824796
934185627
815762349
276439185
487916253
329578461
561243978
975623841
164987523
328145697
459836712
712594386
836712954
247358169
593461278
681279435
275638941
846719523
139245786
394572168
582164397
617893452
928357614
751486239
463921875
849726531
751398624
263145879
972584316
514637982
386912457
128463795
637259148
495871263
769812543
548376912
123945786
982761354
356489127
471253698
635128479
894537261
217694835
876312945
594687312
123945867
352871694
967453128
481269753
735126489
649538271
218794536
958271634
347596821
162834759
826915347
413627985
579483162
235169478
681742593
794358216
263479851
857162943
194385276
981754362
732691485
546823719
679538124
318246597
425917638
