000000001000000230004056000000000005020000000300700000000001000005000004080300790

000000000000001002003040050000000600000004300070080000000030009010600000420000005

000000000000000012003045000000006007042000000130000000000400000200100000600000508

000000001000000023004005000000000607000010000089000000010000400020008900300100000

000000000000000012003004005000000160000007000000283000000000400002000008560100000

000000000000000012003045000000000400000600300070100000000800003040000070650009000

000000000000001002003000040000000100005040006020000507000500080010000000700080900

000000001000000002003004000000005030010000060270000000000016040000070000020800500

000000000000001002003000040000000100000050600027800000000009030000026050608000000

000000001000000020000034000000005006004107000008000000050000800060200000900080400

000000000000000012003045000000000024006007000070008000000100870004000000200090000

000000000000001002034005060000000010000000730008070000000420008010000000300700000

000000000000001002003000040000000005020000060170380000000070020005400000010000800

000000001000000023004005000000000405000010002006700000000408000010000700230000000

000000000000001002034000050000000030000060400200010000000004000100003007800500060

000000001000002000003000045000006000000030708120000000000140200005000000070000800

000000000000000012003004005000005006010070000027000000000600070400000800500020000

000000000000000012000034000000000500000100067034002000000070300605000080700000000

000000000000001002034000050000000060000070380700012000000000700005600000060000100

000000000000001002034000050000000006000050070100800000000009060008020000200006001

000000001000000020034056000000000003002000000005007400000100000007000060800030700

000000001000000023004056000000000040000007600010030000000620000700000100820000000

000000001000002030004050000000040000010000020300000060000700400080603000200000500

000000000000000012003004000000005100020000400060030000000070080005200006400100000

000000000000001002034050060000000037080040000100000000000060000000400200200000801

000000000000000012003045000000000400000006003070800000000030070010000000650008090

000000000000000012003045000000000003000000400020600007000100050004060080030200000

000000000000000012003045000000000000000001406027000000000070080019000500600020000

000000000000000012003004000000003000010020005500607004000008700000010000062000000

000000000000001002003000040000000200004050000020006105000040000010000060700300080

000000001000000020003004000000003004000005000050260000000600050007000300104800000

000000000000001002003004050000060040010000070080000000000120006004000003700080000

000000000000001002003040050000002001000006007004000000000200080019000340600000000

000000001000000020003004000000005406020000075800030000000020000006900300070000000

000000000000000012003045000000000000000607003050000020000050400620100000800000006

000000000000000012003045000000000000004030006050200000000070080200060000810000500

000000000000000012003045000000001530060000000270000000000030000000600001008090006

000000001000001020034000000000000050000060010002400000000305000007000308600000004

000000000000001002003000040000000105050020000060700000000070300010000080420005000

000000001000000023000004000000001500003000000060007400000030000080200007450080000

000000000000001002034000050000020000000340000100000607000400035010000000608000000

000000000001002003020040050000000102000000600500070000000100000000203008700600000

000000001000000023003004000000000500060000400700280000000006000000301000820000900

000000000000001023004056000000000100000002000070080400000079000000200000301000600

000000000000001002003020040000000105000500006007080000000006300050000080860000000

000000001000000020000034000000000500006000304007260000000600080013000000400800000

000000000000000012003045000000001000000203500060000007000800060040060008100000000

000000000000001023004056000000000605020700000800000000000070006001800000030200000

000000000000001002003000040000015600070006000240000080000080070000300000500000001

000000000000000012003045000000000006070008300280000000005000700100200400600000000

000000001000000230004056000000000078050000000120400000000007040008000050010000000

000000000000001002003040050000000006040005000070000100000000020000800047106300000

000000001000002000013000040000000050004160000708000200000000506000400000200008000

000000001000002000000003045000006200007080000051000000000710000090000850600000000

000000000000001002003000040000000500006007001048030000000000830090402000500000000

000000001000000023000004000000000450000060700008200000030900006070800000540000000

