000000001000000023004005000000001607000030000082000000000209050030000080100000000

000000001000000023004005000000002000000130000060000570000340000105000800700000000

000000001000000023004005000000002006000030000070000100000008040100060000300700500

000000001000000023004005000000003060000020007089000000000280400007000000300000050

000000001000000023004005000000004000030060000120000507000200000008000700070000600

000000001000000023004005000000006000000070400010000070000804006170000000200300000

000000001000000023004005000000006000007000500010020000000010000008540000200000069

000000001000000023004005000000006000007020000030000400000030082001700000605000000

000000001000000023004005000000006500020000070800040000000700000006010004070020000

000000001000000023004005000000006700000080900030000000000038000005200010106000000

000000001000000023004005000000010000000053600076000000000700080300000400509000000

000000001000000023004005000000010000010200000600000500000040708002006000030000100

000000001000000023004005000000010000010200000600000500000040708002006900030000000

000000001000000023004005000000010000010200000600000500000040708002106000030000000

000000001000000023004005000000010400026000000300000000000207030005040000800000009

000000001000000023004056000000000007020300000040005000000028400039000000700000000

000000001000000023004056000000000070000003500048200000000840000030000000700090000

000000001000000023004056000000001500003004000020000070000300000060000000270000800

000000001000000023004056000000002600070000010800300000000040300060000000200000008

000000001000000023004056000000003000000078009120000000000300200007000000900000600

000000001000000023004056000000004600001200000060000007000300000050000010300008000

000000001000000023004056000000007000012000000800090500000100002000300000070040000

000000001000000023004056000000007000020000038510000000007800000100000000600000500

000000001000000023004056000000007180030200000050000000001030000008000600900000000

000000001000000023004056000000007600010030000020000080000200300005000000800000070

000000001000000230004005000000000040000006700030028000000130000007400000809000000

000000001000000230004015000000000005000200006040370000000800900001000000500000070

000000001000000230004056000000000005007000006080090000000200007500000800900300000

000000001000000230004056000000000007000200000087000090000307000100000009300004000

000000001000000230004056000000007008020000010070000000000200000008300006900000005

000000001000001000002030040000000005030060000500000708000508200040000030100000000

000000001000001002003040000000000050006000300034000000000570800010000400200900000

000000001000001020003000004000000503010000000670080000000300700000409000080000060

000000001000001020003004000000020000050600000170000500000085000008000000302000006

000000001000001020003040000000050000040300000600007050000600003500000400820000000

000000001000001020003040000000050300010000006600300000000706000008000050020000400

000000001000001020003045000000000400000060007025000000000680500010030000700000000

000000001000001023004000000000000400010030000500060700000105000003007008020000000

000000001000002000000003040000050000003000500060010700000800060005000010702009000

000000001000002000001003040000010050000600000270000300000050006003080000080000200

000000001000002000001030040000000530006000000040007080000100006070000200200050000

000000001000002000001030045000000600000070002038100000000006300004000000200800000

000000001000002000003000040000003050006070000010000208000100009300000002500060000

000000001000002000003000040000005670018000000030060000000010000000830050920000000

000000001000002000003000045000000006000070000086000009000600200300100000720000080

000000001000002000003000045000000006000070000086000009000600200300500000720000080

000000001000002000003000045000000260000040700060080000000706000100000000504000008

000000001000002000003000045000000600000063000270000000000700200001040000800100009

000000001000002000003000045000000607004000000010060800000304000600090000700000200

000000001000002000003000045000060200007080000050000034000700800200000000400010000

000000001000002000003004050000000240000160000070000000000008007100000006302040000

000000001000002000003004050000000420000160000070000000000008007100000006304020000

000000001000002000003040056000000040000007200008600000040000000270100000900000008

000000001000002000013040050000000400000600103750000000000030000000100800200000040

000000001000002000034000050000030000000600700810000200000041030006000800200000000

000000001000002003002004000000000050030060000070008040000030700006710000900000000

