000000000000000001002003040000005006060000700080004000000070000004061000005000980

000000001000000002003045000000000040060000000170008000004100030005000600200007000

000000000000001002003000040000005600027000008030040000000200000060030050500000001

000000001000000230004056000000004000000700002010000005000200000800000640900010000

000000001000000230004056000000004000000700002010000005000200000700000640800010000

000000000000001023004050006000000704000003000001008000000010002030000080700040000

000000000000001023014050000000000600070280400300007000000040001006000000200000000

000000001000002003045000000000060040070000800300010000000708200001005000600000000

000000000000000012003045000000000400006000500010700000000100070008000050090260000

000000000000001023045006000000000400000020070000500000000600500100000704200080000

000000001000000020000034000000001000005000430006007000000200007083000000140000900

000000000000000012000034000000000500000006007014000000000048300070010000520000006

000000001000000023004005000000000006000020000007001800000008400020300070360000000

000000000000000012003004000000005000010046000070000008000013040008000300020700000

000000000000000012003045000000000600000100000070000405000700500001020000840000030

000000001000000002003004050000003600060000000410007000000060800000090700020100000

000000000000000012003004005000000600000120000010700000000006300521000008900000000

000000001000000020003004000000000503000050000060710000000003800020008060100400000

000000001000000002003004000000000560000030010078200000000008400100700000620000000

000000000000001002034000050000006030007012000500000400000400000100000000700008006

000000001000000230004056000000007002000300007040000000000200540008000000700009000

000000000000001023045006000000000004000072800301000000000040500000150000200000000

000000000000000012003045000000600300010200000040000000005007800600100004900000000

000000000000000012003045000000000140000000300050006000000010000007200006200480000

000000000000000012003004000000005100020003000060000070000060400001070000005800003

000000000000000012003045000000001006024000007700000000000200100000870000006000050

000000001000000230004056000000000040000023700015000000000800000030000900100500000

000000001000002000003000045000003002040060000600007000000800060002000700700010000

000000001000002000003000045000006002040070000700008000000300070002000800800010000

000000001000000020003004000000015000000060040027000300000708000210000005400000000

000000000000000012003004005000030000000052000060000070000608700305000008900000000

000000001000000023004056000000001000007000400085000000000504000200080000300000002

000000000000001002003000040000000500000010030060027000000008106002000000340900000

000000001000000020000034000000003005004000600007020000000800370015900000200000000

000000000000000012003045000000000000000106500072000400000020000010000084600003000

000000001000002000003000004000005060000070020680000000000500003001000700920006000

000000001000002000003000004000000050000006037080140000000080000007000260200010000

000000001000001020003040000000005300010607000800000040000200008004000000500000007

000000000000000012003045000000006007008000300010000405000200080009000000500010000

000000001000002003045000000000040056070000000800000090000500700004900000100006000

000000001000000023004005000000000010000064500030700000000230007008000000409000000

000000000000001002000030045000006000004007000018000004000080000020000760600000100

000000000000001002000030045000006000003007000018000004000080000020000760600000100

000000001000000020003045000000003006010000400708200000000006800000007000100000070

000000001000000020003045000000003006010000400708200000000006000000009800100000070

000000000000000012003045000000000400000050006072001000000007800000100000604000500

000000001000000023004056000000000007040002000070000600006000000100070000500300008

000000001000002003004050000000060000030000020070100000000300000006000140800075000

000000000000001002034000005000006000000070010320000004000007000000230000106000080

000000000000001023004005006000000000000340007150000800000000100000200000403700000

000000000000000012003045000000000600007008000010902000000060304000100000200000500

000000001000000023004056000000000400000005010370080000000100000050000008090004000

000000001000000020003045000000000400000300000010600007000038090020000000160000008

000000001000000023004056000000000500000300000070002008000040000065000000190000007

000000000000001023001045000000000500000060401020070000000080000030600080500000000

000000000000000012003045000000000000000006700080100000000209508006000300100070000

