000000000000001023045060000000000001000070400250000000000054000000600000302000008

000000000000001023045060000000000006000003400301500000000000070000400000200000081

000000000000001023045060000000000007000408000800003010000000500000500006200070000

000000000000001023045060000000000400000000600200700000000082010060070900300000000

000000000000001023045060000000000400000007000200080010000070500300400000900000080

000000000000001023045060000000000400000007000200080010000090500300400000800000070

000000000000001023045060000000000400000007000200080090000070500300400000900000080

000000000000001023045060700000200080006000000090007000000850006100000000200000000

000000001000000002003004000000005030010020000067000000000008060100000900500700040

000000001000000002003004000000015060037000000040000080000300407008020000500000000

000000001000000002003045000000000010010200000060000007000006030020000000700030850

000000001000000002003045000000001000006700000030800000000200000090060470100000500

000000001000000002003045000000006000040000000070100000000200070005000400806900500

000000001000000020000034005000000670005000000013060800000250000009000700700000000

000000001000000020000034005000000670005000000018006900000205000003000700700000000

000000001000000020003004000000000003000000560020017000006000300040108000700000400

000000001000000020003004000000000003050000400060070010000003800000405000790000060

000000001000000020003004000000000300000010050046007800000309006010000400200000000

000000001000000020003004000000000305006000000071020000000100000500003400820000600

000000001000000020003004000000000500000006007028010000000380400000900600150000000

000000001000000020003004000000000506000067008140000000000200000007000340090010000

000000001000000020003004000000003000000045603070000000005000400010020070800100000

000000001000000020003004000000005300010000006070000400000170850009020000400000000

000000001000000020003004000000010000020000050500000670000605000008200000031000008

000000001000000020003004000000010000050000300600007400000130008070000900400500000

000000001000000020003004005000000003060020700120000000000015000000830000004000900

000000001000000020003004005000016000020000060700008400000200000000590003060000000

000000001000000020003045000000000003010200006470008000000300040000600000020000500

000000001000000020003045000000000004006000070080100000000607000004000308100200000

000000001000000020003045000000000300000000405020060000000103000060000070800004900

000000001000000020003045000000000300010000000620007000000030402000108000070000090

000000001000000020003045000000000400000600003060200000000070500080000060100039000

000000001000000020003045000000000600000100003007000080000007400020008000140000300

000000001000000020003045000000000600000106000040000700000070500100200008605000000

000000001000000020003045000000000600010000400720008000000209070046000000500000000

000000001000000020003045000000001000000260000070000803000020300050000000100700060

000000001000000020003045000000003000060000507070200000000050308092000000100000000

000000001000000020003045000000006300007000000120000006000200410005000000680000000

000000001000000020003045000000006400010000000027000000000007830091200000400000000

000000001000000020003045006000000070006008000050009400000000700000206000700000090

000000001000000023000004000000230000005010000046000000100000000200000450700008900

000000001000000023000045000000000006002000400070310000000200008405000000960000000

000000001000000023000045000000000006002000400070310000000200008504000000960000000

000000001000000023000045000000000006002000400070310000000200058400000000960000000

000000001000000023000045000000000062000000400037001000000308700019000000200000000

000000001000000023000045000000001000002000600040000570000020008070100000350000000

000000001000000023000045000000002000005000000067000800000060500000300000201000704

000000001000000023000045000000002000006000030078000000000060007105300000200000400

000000001000000023000045000000203000006000500078000000000900002015000000307000000

000000001000000023004005000000000004006000000057020080000610000090000500100400000

000000001000000023004005000000000006000270000030080000000003400007001000809000200

000000001000000023004005000000000036000007800010020000000008500000400090130000000

000000001000000023004005000000000406000030000070020000000700030006004000801006000

000000001000000023004005000000000600000012000007008000000900570020060000310000000

000000001000000023004005000000001000003000006078004000000270500006030000100000000

000000001000000023004005000000001000006007050020000000000030008000600400510200000

