000000001000002003004000050000001600050470000800000002000050040009000000600700000

000000001000002003004050000000006030001000007050300000000100400030070080600000000

000000001000002030002004000000005200010060070300000000000070000004000005800100400

000000001000002030004005000000000050020000600730080000000020007005000400300100000

000000001000002030004005000000060000001400000050000027000810400030000000200000060

000000000000000001002003040000000500000060700084000020000004000039502000700000006

000000000000000001002003040000005000006002500014000007000010005008000300020070000

000000000000000001002034000000000050006007800090001000000890004003050000100000009

000000000000000001002034000000001005003000062060700000000060700010000480500000000

000000000000000012003004000000003506000070000010000080000050003020000040180600000

000000000000000012003004000000005160000060000240000000000020300070000004500100080

000000000000000012003004000000005607000060000140000000000010300080000040500700009

000000000000000012003004005000000630020007000060000000000260800005100000009000700

000000000000000012003045000000067004018000000900000000000200000600100000700000095

000000000000000012003045000000100060040000500130000000000300000000706000280000400

000000000000001002003000004000000000000056010024030000000000700008000060019280000

000000000000001002003000004000002000000150060047000300000300010028070000500000000

000000000000001002003000040000000005000036000170000004000500830200000000906000070

000000000000001002003000045000000030060000000720050000000003100050000008900406000

000000000000001002003000045000004600007000300050020000000700000140000008600030000

000000000000001002003002014000000000000050060070800500000300000060500000102000007

000000000000001002003004050000003000006070800010002000000800170004000000205000000

000000000000001002003004050000003000006070800010002000000800190004000000205000000

000000000000001002003004050000006000007000080010000000000080100005000040206700009

000000000000001002034000050000000005000006000700038000000047800005080000201000000

000000000000001002034000050000060030200000001700000000000700080060000900109002000

000000000000001002034050060000000050002000400708600000000002008040000000050008000

000000000000001023014050000000000002030000001670008000000000700000300000002000650

000000001000000002003004050000005600010020000072000000000008300100000000600700400

000000001000000020000003004000050670002000000041008000000091700060000000200700000

000000001000000020001003000000040000005000030060700890000600007003000004904000000

000000001000000020001003000000040000050000030600700890000600007003000004094000000

000000001000000020003004000000001500006020000057000030000300060040000008100500000

000000001000000020003004000000005006002010000037000400000020300080600009500000000

000000001000000020003045000000003500061000000270000000000200060000300010040000008

000000001000000020003045000000006007020100000400000005000700040008200300500000000

000000001000000023000004000000010000005000600470028000000600900010000000320000007

000000001000000023000045000000001406005000000027000000000500600030000000180300000

000000001000000023003004000000000500010000000460070080000506000005100000007000002

000000001000000023004005000000000060000030200037100000000400000060010000208000500

000000001000000023004005000000000060000060570020100000006000700100000000380200000

000000001000000023004005000000000400006030000130020000000507000000600800290000000

000000001000000023004005000000006400010040000700008000000700000020100000600000708

000000001000000023004005000000010000006700080030000500000080000000460000520000030

000000001000000230004005000000000060000030005017800000000206700050000040100000000

000000001000001020003000004000030000000500600021000000000070000005000360800002700

000000001000001023004000000000000400050000000060072080000500600001000005200080000

000000001000002000001030040000005000000006205047000000000080070050000300600100000

000000001000002000001030040000005000000006205047000000000080070050000800600100000

000000001000002000003000004000000050000670030080040000000008000090051000600000290

000000001000002000003000040000000510000006300060470000000010005320000800900000000

000000001000002000003000040000051000060000000070000208000670400100000030800000050

000000001000002000003000040000051000060000000070000208000670400100000050800000030

000000001000002000003004050000010060020700000500000000000080000006003000400006207

000000001000002000003004050000060000000700620018000000000085003060000008200000000

000000001000002000003040050000000006010000402700350000000600000008000040500100000

