000000000000000012003045000000000000000001006047000800000100400000280000060000350

000000000000000012003045000000000000000006005070100000000200480500900000604000030

000000000000000012003045000000000000000100003067008400000600800200000050300020000

000000000000000012003045000000000000000100003067008400000700800200000050300020000

000000000000000012003045000000000000000102005036007080000090360000400000200000000

000000000000000012003045000000000000000600007040010020000003006004000500180200000

000000000000000012003045000000000000000607003040000080000200000006180000400000506

000000000000000012003045000000000000004000003067100000010006000080009070200030000

000000000000000012003045000000000000006000007040020000000007048009000506200100000

000000000000000012003045000000000004000006503010700000005010000006200000800000300

000000000000000012003045000000000004000106000007200300000070060010000000600080400

000000000000000012003045000000000004000607000080200009000103070200000000450000000

000000000000000012003045000000000004000620000070000530000100080004003000065000000

000000000000000012003045000000000006000200070280003000000670000007100000050000900

000000000000000012003045000000000300010000060240070000000100400005000003800600000

000000000000000012003045000000000400010000000670002000000000560004000020180900000

000000000000000012003045000000000403000600000070800000000030900080000070200100080

000000000000000012003045000000000405000160000020000007000200008004003000300700000

000000000000000012003045000000000600007108000096000005000070000200000000810000500

000000000000000012003045000000001000060000400070500006000060000000200030081000500

000000000000000012003045000000003005010600000070000000000100306004000500080070000

000000000000000012003045000000003100006000000020000700000004006200000080310700000

000000000000000012003045000000004006007100000030000500000370008009000000540000000

000000000000000012003045000000004106007200000080000500000080000000100000509000400

000000000000000012003045000000006000000150000027000400000403006010000000508000000

000000000000000012003045000000006000000350700180000000000100800005000900200070000

000000000000000012003045000000006407008000000021000000000700000060100300400800000

000000000000000012003045000000016500027000000800000000000700405190000000600000000

000000000000000012003045000000034000000100000005000067000800059040000000630000000

000000000000000012003045000000034000000100000005000067000800095040000000730000000

000000000000000012003045000000100006000206000070000305000800070005000000600000040

000000000000000012003045000000100006004700008050000000060000400100090050200000000

000000000000000012003045000000100300020000040600200000007000000040001000500800006

000000000000000012003045000000102006007000000080000400000400070200000005500080000

000000000000000012003045006000007000004000005010800000000200040005000000030100800

000000000000000123000456000000000007000003008004061000030000600070000000800700000

000000000000000123004005000000006000000178000023000000000304090100000000700000600

000000000000001002000003045000046000002007000089000020000900000500000900600000700

000000000000001002000030045000060030002450000007000100000700000080000000360000050

000000000000001002000030450000000000004000006070500030000604001500000000830000070

000000000000001002001034000000000010020050006300700000000008000005000030069200000

000000000000001002003000004000000010050060000210000007000003000070204000089000060

000000000000001002003000004000000020005000006078350000000900800010000030200006000

000000000000001002003000040000000000000340560780500000000000009000602007034000000

000000000000001002003000040000000001000030200050600007000078000100002000630000090

000000000000001002003000040000000005006000007180039000000700300050000900800040000

000000000000001002003000040000000035000000600020074000000500700200030000410000008

000000000000001002003000040000000035002060000060007100000000500000430000170000008

000000000000001002003000040000000035006070000070008100000000500000430000180000006

000000000000001002003000040000000105000006030020070008000050300010000060450000000

000000000000001002003000040000000501000004000067080000010000000020300060500090030

000000000000001002003000040000000506000007300080094000000460030020000000107000000

000000000000001002003000040000000506001000000047030080000070000000380000500000021

000000000000001002003000040000000506007000000034008000000070000029340000500000001

000000000000001002003000040000002000000005006070003100000080070100000900602400000

000000000000001002003000040000005000006000700048002000000340100020000000700600900

