000000000000001002003000040000005030060000001700004000000360050108000900200000000

000000000000001002003000040000005300060000107800040050000130006000800000500000000

000000000000001002003000040000020105034600000070000200000060080000300000500000001

000000000000001002003000040000025006004300000070000100000700000206000308500000000

000000000000001002003000040000030005000460000260000000000050370080000000120008000

000000000000001002003000045000000060000050170002800000010000600600300000700040000

000000000000001002003000045000040030010000000060000100000750300004000800080006000

000000000000001002003000450000000000006240000070350080000009070100000000400030000

000000000000001002003004050000000060002007000050000180000030000010200000800060090

000000000000001002003004050000000600000002000070000430000070008006300000302500000

000000000000001002003004050000000600007000300008002000020000010600030800900600000

000000000000001002003004050000000600007000300008002000020000040600030800900600000

000000000000001002003004050000000601000360000070500000000400070100000080206000000

000000000000001002003004050000000601000360000070500000000800090100000070206000000

000000000000001002003004056000000040000070100008600700000300000010000020700080000

000000000000001002003040050000000000006100700040002800000300004007050000020000100

000000000000001002003040050000000004000200030160780000000600100002000000300800000

000000000000001002003040050000000020000306070150000000000000600000080001007200900

000000000000001002003040050000000030000000640020500000000360000070000000890002007

000000000000001002003040050000000030010006000700208000000032601005000000900000000

000000000000001002003040050000000040000002006030708000000003009020050000400000700

000000000000001002003040050000000100000200064037500000000800700400002000600000000

000000000000001002003040050000000104020000005600207000000300600000500000001080000

000000000000001002003040050000000200005006000078000090000090030010000000620700000

000000000000001002003040050000260700008000000010050000020008000500000600700003000

000000000000001002003040056000000730020030000070000080000800000004000005010007000

000000000000001002003040056000000730020030000070000080000800000004000009010007000

000000000000001002003040056000000730020030000070000080000800000009000005010007000

000000000000001002003040560000000007004050030008000000000000800070000040120700000

000000000000001002003040560000000007004050080009000000000000900070000040120700000

000000000000001002034000005000000060000060507013008000000000810002700000800000000

000000000000001002034000005000002030006000700100000000000050004000640800020000900

000000000000001002034000050000000000000063400702000008000000007005240000060000100

000000000000001002034000050000000006000000020007130000000380000060002000100000709

000000000000001002034000050000000006000050030700006000000340100068000000200100000

000000000000001002034000050000000006000050030700006000000340100086000000200100000

000000000000001002034000050000000020002000106007080000000604000090000080600002000

000000000000001002034000050000000060000370800200000000000402009006000100100090000

000000000000001002034000050000000060000370800200000000000402009060000100100090000

000000000000001002034000050000000067001030000200000000000000401080960000900700000

000000000000001002034000050000000300000006700050000040000340800502000006900000000

000000000000001002034000050000000301000030006700080000000700080002040000060000100

000000000000001002034000050000000600000005780002000000000280003040060000106000000

000000000000001002034000050000000600000060300070002000000407080003500000906000000

000000000000001002034000050000002000000030600100000040000007003400000080806100000

000000000000001002034000050000006030100000000207000000000020000000700206080950000

000000000000001002034000050000030005000600000107000004000700600050004000080000030

000000000000001002034000056000000700000250000006000104000004800020000030700000000

000000000000001023004056000000000004000002000017008000000040700006300000200000800

000000000000001023004056000000070005020000600810000000000702090003000000005000000

000000000000001023004560000000000007000023000008000004020040600170000000300000000

000000000000001023004560000000002050006000700030000000000780006020000000500600000

000000000000001023004560000000040000000700000020000005000680400090000600210000000

000000000000001023045006000000000006000070000400280000000090500200000700360000000

000000000000001023045006000000000400000070000200800000000020000008030000009004610

000000000000001023045006000000000700000040501023800000000007000000030000800000400

