000000001000002000013000040000030000200150000600000780000400000020000005500008000

000000000000000012003045000000006000007000400080100000000200087015008000600000000

000000001000000023004005000000000600000002070030140000000010300028000000705000000

000000000000000012003045000000000004000100600020700000000000120000800070805006000

000000000000001002034000050000030000000600708005000001000040300008005000210000000

000000001000000020003045000000600000001000000070200000020004000600000008800009305

000000001000000020003004000000003400000056000010000007000700018006000700320000000

000000001000000023000004000000005600007000000013000000000230018600000000900010007

000000001000002000003000004000030056000040000270000000000060700002500080105000000

000000001000000020003045000000001306007000000240060000000700000020000000600008500

000000001000000020003004000000000506000120000070040000000800030040005600150000000

000000000000000001000002030000004250006000000017000080000070006400060000900800010

000000000000000001001023000000001034002005000060000000000460007008000200305000000

000000000000000001002003004000000050000067300010008000000010008006500000409000002

000000000000000001002003004000002000010004000050000060000050003007800020094060000

000000000000000001002003040000000025000000060037080000000602000080000700500014000

000000000000000001002003040000000200035000060400070000000802050100004000700000900

000000000000000001002003040000000250060000010700008000000060007000700800004910000

000000000000000001002003040000002005060000030700010000000060700081005000500000090

000000000000000001002003040000004300010000050640070000000008000000502700100000006

000000000000000001002003040000005006010000708070004000000020050000810000006000300

000000000000000001002003045000000600000470000008010000010006000040000720700000800

000000000000000001002034000000000020010500006070008000000100070003000500400690000

000000000000000001002034000000000030000005600070100000000800020080071000400000065

000000000000000001002034000000005020013000000060000500000300000004000700007810600

000000000000000001002034050000000030060700400700608000000020009000100007030000000

000000000000000001002034050000006007003000000051000000000810030070300000600000200

000000000000000001023045000000002016005004000700000008000070000009000500800100000

000000000000000012000034000000000000000001340005600700000080005010000020340070000

000000000000000012000034000000000005001602000005000780000200000060100900800000400

000000000000000012000034000000000005003001000060700008000270030100000000540080000

000000000000000012000034000000000005003670000005000840000000400070100000800900300

000000000000000012000034000000000035001000400067010000000100000000207000300000508

000000000000000012000034000000000300000000405001067000000010680050009000230000000

000000000000000012000034000000000500001600007068003000000080009400000300500100000

000000000000000012000034000000001400005000000062300000000060305401000000700008000

000000000000000012000034000000005006000007800024000000000100400006000390700200000

000000000000000012000034000000005600001000070002060080040200000050000000760000300

000000000000000012000034005000000003001000000006007800000060000030210000900000708

000000000000000012000345000000000300006000000071008000000206090100000000340000008

000000000000000012003004000000000005000002000004006700000050400020010000610800300

000000000000000012003004000000000005000006400007003800000090300040200000920500000

000000000000000012003004000000000005000006400020071000000520300004000800170000000

000000000000000012003004000000000300010000050600047000000010008006500000705000400

000000000000000012003004000000000500006010000007020308000700000010080005450000000

000000000000000012003004000000000500006010000007080309000700000010020005450000000

000000000000000012003004000000000500006010000007080309000700000010090005450000000

000000000000000012003004000000003005020000400600007000000020308005000900010060000

000000000000000012003004000000005003006070000020000008000020000007800060105000400

000000000000000012003004000000005100000006570028000000000080003010000000700920000

000000000000000012003004000000005300010000400026070000000300600000410000080000050

000000000000000012003004000000005400006000307008010000000020000000608000150000003

000000000000000012003004000000005600000017000080000200000400008006200000530000070

000000000000000012003004005000000600000010740062000000000003008010000000400609000

000000000000000012003004005000001400020000600700000000000270060050060000081000000

000000000000000012003004005000045300060000000710000000000670000002100000080000600

