000000001000000230004056000000000005020000000300700000000001000005000004080300790

000000000000001002003040050000000600000004300070080000000030009010600000420000005

000000000000000012003045000000006007042000000130000000000400000200100000600000508

000000001000000023004005000000000607000010000089000000010000400020008900300100000

000000000000000012003004005000000160000007000000283000000000400002000008560100000

000000000000000012003045000000000400000600300070100000000800003040000070650009000

000000000000001002003000040000000100005040006020000507000500080010000000700080900

000000001000000002003004000000005030010000060270000000000016040000070000020800500

000000000000001002003000040000000100000050600027800000000009030000026050608000000

000000001000000020000034000000005006004107000008000000050000800060200000900080400

000000000000000012003045000000000024006007000070008000000100870004000000200090000

000000000000001002034005060000000010000000730008070000000420008010000000300700000

000000000000001002003000040000000005020000060170380000000070020005400000010000800

000000001000000023004005000000000405000010002006700000000408000010000700230000000

000000000000001002034000050000000030000060400200010000000004000100003007800500060

000000001000002000003000045000006000000030708120000000000140200005000000070000800

000000000000000012003004005000005006010070000027000000000600070400000800500020000

000000000000000012000034000000000500000100067034002000000070300605000080700000000

000000000000001002034000050000000060000070380700012000000000700005600000060000100

000000000000001002034000050000000006000050070100800000000009060008020000200006001

000000001000000020034056000000000003002000000005007400000100000007000060800030700

000000001000000023004056000000000040000007600010030000000620000700000100820000000

000000001000002030004050000000040000010000020300000060000700400080603000200000500

000000000000000012003004000000005100020000400060030000000070080005200006400100000

000000000000001002034050060000000037080040000100000000000060000000400200200000801

000000000000000012003045000000000400000006003070800000000030070010000000650008090

000000000000000012003045000000000003000000400020600007000100050004060080030200000

000000000000000012003045000000000000000001406027000000000070080019000500600020000

000000000000000012003004000000003000010020005500607004000008700000010000062000000

000000000000001002003000040000000200004050000020006105000040000010000060700300080

000000001000000020003004000000003004000005000050260000000600050007000300104800000

000000000000001002003004050000060040010000070080000000000120006004000003700080000

000000000000001002003040050000002001000006007004000000000200080019000340600000000

000000001000000020003004000000005406020000075800030000000020000006900300070000000

000000000000000012003045000000000000000607003050000020000050400620100000800000006

000000000000000012003045000000000000004030006050200000000070080200060000810000500

000000000000000012003045000000001530060000000270000000000030000000600001008090006

000000001000001020034000000000000050000060010002400000000305000007000308600000004

000000000000001002003000040000000105050020000060700000000070300010000080420005000

000000001000000023000004000000001500003000000060007400000030000080200007450080000

000000000000001002034000050000020000000340000100000607000400035010000000608000000

000000000001002003020040050000000102000000600500070000000100000000203008700600000

000000001000000023003004000000000500060000400700280000000006000000301000820000900

000000000000001023004056000000000100000002000070080400000079000000200000301000600

000000000000001002003020040000000105000500006007080000000006300050000080860000000

000000001000000020000034000000000500006000304007260000000600080013000000400800000

000000000000000012003045000000001000000203500060000007000800060040060008100000000

000000000000001023004056000000000605020700000800000000000070006001800000030200000

000000000000001002003000040000015600070006000240000080000080070000300000500000001

000000000000000012003045000000000006070008300280000000005000700100200400600000000

000000001000000230004056000000000078050000000120400000000007040008000050010000000

000000000000001002003040050000000006040005000070000100000000020000800047106300000

000000001000002000013000040000000050004160000708000200000000506000400000200008000

000000001000002000000003045000006200007080000051000000000710000090000850600000000

000000000000001002003000040000000500006007001048030000000000830090402000500000000

000000001000000023000004000000000450000060700008200000030900006070800000540000000

000000000000000001002003040000005006060000700080004000000070000004061000005000980

000000001000000002003045000000000040060000000170008000004100030005000600200007000

000000000000001002003000040000005600027000008030040000000200000060030050500000001

000000001000000230004056000000004000000700002010000005000200000800000640900010000

000000001000000230004056000000004000000700002010000005000200000700000640800010000

000000000000001023004050006000000704000003000001008000000010002030000080700040000

000000000000001023014050000000000600070280400300007000000040001006000000200000000

000000001000002003045000000000060040070000800300010000000708200001005000600000000

000000000000000012003045000000000400006000500010700000000100070008000050090260000

000000000000001023045006000000000400000020070000500000000600500100000704200080000

000000001000000020000034000000001000005000430006007000000200007083000000140000900

000000000000000012000034000000000500000006007014000000000048300070010000520000006

000000001000000023004005000000000006000020000007001800000008400020300070360000000

000000000000000012003004000000005000010046000070000008000013040008000300020700000

000000000000000012003045000000000600000100000070000405000700500001020000840000030

000000001000000002003004050000003600060000000410007000000060800000090700020100000

000000000000000012003004005000000600000120000010700000000006300521000008900000000

000000001000000020003004000000000503000050000060710000000003800020008060100400000

000000001000000002003004000000000560000030010078200000000008400100700000620000000

000000000000001002034000050000006030007012000500000400000400000100000000700008006

000000001000000230004056000000007002000300007040000000000200540008000000700009000

000000000000001023045006000000000004000072800301000000000040500000150000200000000

000000000000000012003045000000600300010200000040000000005007800600100004900000000

000000000000000012003045000000000140000000300050006000000010000007200006200480000

000000000000000012003004000000005100020003000060000070000060400001070000005800003

000000000000000012003045000000001006024000007700000000000200100000870000006000050

000000001000000230004056000000000040000023700015000000000800000030000900100500000

000000001000002000003000045000003002040060000600007000000800060002000700700010000

000000001000002000003000045000006002040070000700008000000300070002000800800010000

000000001000000020003004000000015000000060040027000300000708000210000005400000000

000000000000000012003004005000030000000052000060000070000608700305000008900000000

000000001000000023004056000000001000007000400085000000000504000200080000300000002

000000000000001002003000040000000500000010030060027000000008106002000000340900000

000000001000000020000034000000003005004000600007020000000800370015900000200000000

000000000000000012003045000000000000000106500072000400000020000010000084600003000

000000001000002000003000004000005060000070020680000000000500003001000700920006000

000000001000002000003000004000000050000006037080140000000080000007000260200010000

000000001000001020003040000000005300010607000800000040000200008004000000500000007

000000000000000012003045000000006007008000300010000405000200080009000000500010000

000000001000002003045000000000040056070000000800000090000500700004900000100006000

000000001000000023004005000000000010000064500030700000000230007008000000409000000

000000000000001002000030045000006000004007000018000004000080000020000760600000100

000000000000001002000030045000006000003007000018000004000080000020000760600000100

000000001000000020003045000000003006010000400708200000000006800000007000100000070

000000001000000020003045000000003006010000400708200000000006000000009800100000070

000000000000000012003045000000000400000050006072001000000007800000100000604000500

000000001000000023004056000000000007040002000070000600006000000100070000500300008

000000001000002003004050000000060000030000020070100000000300000006000140800075000

000000000000001002034000005000006000000070010320000004000007000000230000106000080

000000000000001023004005006000000000000340007150000800000000100000200000403700000

000000000000000012003045000000000600007008000010902000000060304000100000200000500

000000001000000023004056000000000400000005010370080000000100000050000008090004000

000000001000000020003045000000000400000300000010600007000038090020000000160000008

000000001000000023004056000000000500000300000070002008000040000065000000190000007

000000000000001023001045000000000500000060401020070000000080000030600080500000000

000000000000000012003045000000000000000006700080100000000209508006000300100070000

000000001000002000013000040000030000200150000600000780000400000020000005500008000

000000000000000012003045000000006000007000400080100000000200087015008000600000000

000000001000000023004005000000000600000002070030140000000010300028000000705000000

000000000000000012003045000000000004000100600020700000000000120000800070805006000

000000000000001002034000050000030000000600708005000001000040300008005000210000000

000000001000000020003045000000600000001000000070200000020004000600000008800009305

000000001000000020003004000000003400000056000010000007000700018006000700320000000

000000001000000023000004000000005600007000000013000000000230018600000000900010007

000000001000002000003000004000030056000040000270000000000060700002500080105000000

000000001000000020003045000000001306007000000240060000000700000020000000600008500

000000001000000020003004000000000506000120000070040000000800030040005600150000000

000000000000000001000002030000004250006000000017000080000070006400060000900800010

000000000000000001001023000000001034002005000060000000000460007008000200305000000

000000000000000001002003004000000050000067300010008000000010008006500000409000002

000000000000000001002003004000002000010004000050000060000050003007800020094060000

000000000000000001002003040000000025000000060037080000000602000080000700500014000

000000000000000001002003040000000200035000060400070000000802050100004000700000900

000000000000000001002003040000000250060000010700008000000060007000700800004910000

000000000000000001002003040000002005060000030700010000000060700081005000500000090

000000000000000001002003040000004300010000050640070000000008000000502700100000006

000000000000000001002003040000005006010000708070004000000020050000810000006000300

000000000000000001002003045000000600000470000008010000010006000040000720700000800

000000000000000001002034000000000020010500006070008000000100070003000500400690000

000000000000000001002034000000000030000005600070100000000800020080071000400000065

000000000000000001002034000000005020013000000060000500000300000004000700007810600

000000000000000001002034050000000030060700400700608000000020009000100007030000000

000000000000000001002034050000006007003000000051000000000810030070300000600000200

000000000000000001023045000000002016005004000700000008000070000009000500800100000

000000000000000012000034000000000000000001340005600700000080005010000020340070000

000000000000000012000034000000000005001602000005000780000200000060100900800000400

000000000000000012000034000000000005003001000060700008000270030100000000540080000

000000000000000012000034000000000005003670000005000840000000400070100000800900300

000000000000000012000034000000000035001000400067010000000100000000207000300000508

000000000000000012000034000000000300000000405001067000000010680050009000230000000

000000000000000012000034000000000500001600007068003000000080009400000300500100000

000000000000000012000034000000001400005000000062300000000060305401000000700008000

000000000000000012000034000000005006000007800024000000000100400006000390700200000

000000000000000012000034000000005600001000070002060080040200000050000000760000300

000000000000000012000034005000000003001000000006007800000060000030210000900000708

000000000000000012000345000000000300006000000071008000000206090100000000340000008

000000000000000012003004000000000005000002000004006700000050400020010000610800300

000000000000000012003004000000000005000006400007003800000090300040200000920500000

000000000000000012003004000000000005000006400020071000000520300004000800170000000

000000000000000012003004000000000300010000050600047000000010008006500000705000400

000000000000000012003004000000000500006010000007020308000700000010080005450000000

000000000000000012003004000000000500006010000007080309000700000010020005450000000

000000000000000012003004000000000500006010000007080309000700000010090005450000000

000000000000000012003004000000003005020000400600007000000020308005000900010060000

000000000000000012003004000000005003006070000020000008000020000007800060105000400

000000000000000012003004000000005100000006570028000000000080003010000000700920000

000000000000000012003004000000005300010000400026070000000300600000410000080000050

000000000000000012003004000000005400006000307008010000000020000000608000150000003

000000000000000012003004000000005600000017000080000200000400008006200000530000070

000000000000000012003004005000000600000010740062000000000003008010000000400609000

000000000000000012003004005000001400020000600700000000000270060050060000081000000

000000000000000012003004005000045300060000000710000000000670000002100000080000600

000000000000000012003045000000000000000001006047000800000100400000280000060000350

000000000000000012003045000000000000000006005070100000000200480500900000604000030

000000000000000012003045000000000000000100003067008400000600800200000050300020000

000000000000000012003045000000000000000100003067008400000700800200000050300020000

000000000000000012003045000000000000000102005036007080000090360000400000200000000

000000000000000012003045000000000000000600007040010020000003006004000500180200000

000000000000000012003045000000000000000607003040000080000200000006180000400000506

000000000000000012003045000000000000004000003067100000010006000080009070200030000

000000000000000012003045000000000000006000007040020000000007048009000506200100000

000000000000000012003045000000000004000006503010700000005010000006200000800000300

000000000000000012003045000000000004000106000007200300000070060010000000600080400

000000000000000012003045000000000004000607000080200009000103070200000000450000000

000000000000000012003045000000000004000620000070000530000100080004003000065000000

000000000000000012003045000000000006000200070280003000000670000007100000050000900

000000000000000012003045000000000300010000060240070000000100400005000003800600000

000000000000000012003045000000000400010000000670002000000000560004000020180900000

000000000000000012003045000000000403000600000070800000000030900080000070200100080

000000000000000012003045000000000405000160000020000007000200008004003000300700000

000000000000000012003045000000000600007108000096000005000070000200000000810000500

000000000000000012003045000000001000060000400070500006000060000000200030081000500

000000000000000012003045000000003005010600000070000000000100306004000500080070000

000000000000000012003045000000003100006000000020000700000004006200000080310700000

000000000000000012003045000000004006007100000030000500000370008009000000540000000

000000000000000012003045000000004106007200000080000500000080000000100000509000400

000000000000000012003045000000006000000150000027000400000403006010000000508000000

000000000000000012003045000000006000000350700180000000000100800005000900200070000

000000000000000012003045000000006407008000000021000000000700000060100300400800000

000000000000000012003045000000016500027000000800000000000700405190000000600000000

000000000000000012003045000000034000000100000005000067000800059040000000630000000

000000000000000012003045000000034000000100000005000067000800095040000000730000000

000000000000000012003045000000100006000206000070000305000800070005000000600000040

000000000000000012003045000000100006004700008050000000060000400100090050200000000

000000000000000012003045000000100300020000040600200000007000000040001000500800006

000000000000000012003045000000102006007000000080000400000400070200000005500080000

000000000000000012003045006000007000004000005010800000000200040005000000030100800

000000000000000123000456000000000007000003008004061000030000600070000000800700000

000000000000000123004005000000006000000178000023000000000304090100000000700000600

000000000000001002000003045000046000002007000089000020000900000500000900600000700

000000000000001002000030045000060030002450000007000100000700000080000000360000050

000000000000001002000030450000000000004000006070500030000604001500000000830000070

000000000000001002001034000000000010020050006300700000000008000005000030069200000

000000000000001002003000004000000010050060000210000007000003000070204000089000060

000000000000001002003000004000000020005000006078350000000900800010000030200006000

000000000000001002003000040000000000000340560780500000000000009000602007034000000

000000000000001002003000040000000001000030200050600007000078000100002000630000090

000000000000001002003000040000000005006000007180039000000700300050000900800040000

000000000000001002003000040000000035000000600020074000000500700200030000410000008

000000000000001002003000040000000035002060000060007100000000500000430000170000008

000000000000001002003000040000000035006070000070008100000000500000430000180000006

000000000000001002003000040000000105000006030020070008000050300010000060450000000

000000000000001002003000040000000501000004000067080000010000000020300060500090030

000000000000001002003000040000000506000007300080094000000460030020000000107000000

000000000000001002003000040000000506001000000047030080000070000000380000500000021

000000000000001002003000040000000506007000000034008000000070000029340000500000001

000000000000001002003000040000002000000005006070003100000080070100000900602400000

000000000000001002003000040000005000006000700048002000000340100020000000700600900

000000000000001002003000040000005030060000001700004000000360050108000900200000000

000000000000001002003000040000005300060000107800040050000130006000800000500000000

000000000000001002003000040000020105034600000070000200000060080000300000500000001

000000000000001002003000040000025006004300000070000100000700000206000308500000000

000000000000001002003000040000030005000460000260000000000050370080000000120008000

000000000000001002003000045000000060000050170002800000010000600600300000700040000

000000000000001002003000045000040030010000000060000100000750300004000800080006000

000000000000001002003000450000000000006240000070350080000009070100000000400030000

000000000000001002003004050000000060002007000050000180000030000010200000800060090

000000000000001002003004050000000600000002000070000430000070008006300000302500000

000000000000001002003004050000000600007000300008002000020000010600030800900600000

000000000000001002003004050000000600007000300008002000020000040600030800900600000

000000000000001002003004050000000601000360000070500000000400070100000080206000000

000000000000001002003004050000000601000360000070500000000800090100000070206000000

000000000000001002003004056000000040000070100008600700000300000010000020700080000

000000000000001002003040050000000000006100700040002800000300004007050000020000100

000000000000001002003040050000000004000200030160780000000600100002000000300800000

000000000000001002003040050000000020000306070150000000000000600000080001007200900

000000000000001002003040050000000030000000640020500000000360000070000000890002007

000000000000001002003040050000000030010006000700208000000032601005000000900000000

000000000000001002003040050000000040000002006030708000000003009020050000400000700

000000000000001002003040050000000100000200064037500000000800700400002000600000000

000000000000001002003040050000000104020000005600207000000300600000500000001080000

000000000000001002003040050000000200005006000078000090000090030010000000620700000

000000000000001002003040050000260700008000000010050000020008000500000600700003000

000000000000001002003040056000000730020030000070000080000800000004000005010007000

000000000000001002003040056000000730020030000070000080000800000004000009010007000

000000000000001002003040056000000730020030000070000080000800000009000005010007000

000000000000001002003040560000000007004050030008000000000000800070000040120700000

000000000000001002003040560000000007004050080009000000000000900070000040120700000

000000000000001002034000005000000060000060507013008000000000810002700000800000000

000000000000001002034000005000002030006000700100000000000050004000640800020000900

000000000000001002034000050000000000000063400702000008000000007005240000060000100

000000000000001002034000050000000006000000020007130000000380000060002000100000709

000000000000001002034000050000000006000050030700006000000340100068000000200100000

000000000000001002034000050000000006000050030700006000000340100086000000200100000

000000000000001002034000050000000020002000106007080000000604000090000080600002000

000000000000001002034000050000000060000370800200000000000402009006000100100090000

000000000000001002034000050000000060000370800200000000000402009060000100100090000

000000000000001002034000050000000067001030000200000000000000401080960000900700000

000000000000001002034000050000000300000006700050000040000340800502000006900000000

000000000000001002034000050000000301000030006700080000000700080002040000060000100

000000000000001002034000050000000600000005780002000000000280003040060000106000000

000000000000001002034000050000000600000060300070002000000407080003500000906000000

000000000000001002034000050000002000000030600100000040000007003400000080806100000

000000000000001002034000050000006030100000000207000000000020000000700206080950000

000000000000001002034000050000030005000600000107000004000700600050004000080000030

000000000000001002034000056000000700000250000006000104000004800020000030700000000

000000000000001023004056000000000004000002000017008000000040700006300000200000800

000000000000001023004056000000070005020000600810000000000702090003000000005000000

000000000000001023004560000000000007000023000008000004020040600170000000300000000

000000000000001023004560000000002050006000700030000000000780006020000000500600000

000000000000001023004560000000040000000700000020000005000680400090000600210000000

000000000000001023045006000000000006000070000400280000000090500200000700360000000

000000000000001023045006000000000400000070000200800000000020000008030000009004610

000000000000001023045006000000000700000040501023800000000007000000030000800000400

000000000000001023045060000000000001000070400250000000000054000000600000302000008

000000000000001023045060000000000006000003400301500000000000070000400000200000081

000000000000001023045060000000000007000408000800003010000000500000500006200070000

000000000000001023045060000000000400000000600200700000000082010060070900300000000

000000000000001023045060000000000400000007000200080010000070500300400000900000080

000000000000001023045060000000000400000007000200080010000090500300400000800000070

000000000000001023045060000000000400000007000200080090000070500300400000900000080

000000000000001023045060700000200080006000000090007000000850006100000000200000000

000000001000000002003004000000005030010020000067000000000008060100000900500700040

000000001000000002003004000000015060037000000040000080000300407008020000500000000

000000001000000002003045000000000010010200000060000007000006030020000000700030850

000000001000000002003045000000001000006700000030800000000200000090060470100000500

000000001000000002003045000000006000040000000070100000000200070005000400806900500

000000001000000020000034005000000670005000000013060800000250000009000700700000000

000000001000000020000034005000000670005000000018006900000205000003000700700000000

000000001000000020003004000000000003000000560020017000006000300040108000700000400

000000001000000020003004000000000003050000400060070010000003800000405000790000060

000000001000000020003004000000000300000010050046007800000309006010000400200000000

000000001000000020003004000000000305006000000071020000000100000500003400820000600

000000001000000020003004000000000500000006007028010000000380400000900600150000000

000000001000000020003004000000000506000067008140000000000200000007000340090010000

000000001000000020003004000000003000000045603070000000005000400010020070800100000

000000001000000020003004000000005300010000006070000400000170850009020000400000000

000000001000000020003004000000010000020000050500000670000605000008200000031000008

000000001000000020003004000000010000050000300600007400000130008070000900400500000

000000001000000020003004005000000003060020700120000000000015000000830000004000900

000000001000000020003004005000016000020000060700008400000200000000590003060000000

000000001000000020003045000000000003010200006470008000000300040000600000020000500

000000001000000020003045000000000004006000070080100000000607000004000308100200000

000000001000000020003045000000000300000000405020060000000103000060000070800004900

000000001000000020003045000000000300010000000620007000000030402000108000070000090

000000001000000020003045000000000400000600003060200000000070500080000060100039000

000000001000000020003045000000000600000100003007000080000007400020008000140000300

000000001000000020003045000000000600000106000040000700000070500100200008605000000

000000001000000020003045000000000600010000400720008000000209070046000000500000000

000000001000000020003045000000001000000260000070000803000020300050000000100700060

000000001000000020003045000000003000060000507070200000000050308092000000100000000

000000001000000020003045000000006300007000000120000006000200410005000000680000000

000000001000000020003045000000006400010000000027000000000007830091200000400000000

000000001000000020003045006000000070006008000050009400000000700000206000700000090

000000001000000023000004000000230000005010000046000000100000000200000450700008900

000000001000000023000045000000000006002000400070310000000200008405000000960000000

000000001000000023000045000000000006002000400070310000000200008504000000960000000

000000001000000023000045000000000006002000400070310000000200058400000000960000000

000000001000000023000045000000000062000000400037001000000308700019000000200000000

000000001000000023000045000000001000002000600040000570000020008070100000350000000

000000001000000023000045000000002000005000000067000800000060500000300000201000704

000000001000000023000045000000002000006000030078000000000060007105300000200000400

000000001000000023000045000000203000006000500078000000000900002015000000307000000

000000001000000023004005000000000004006000000057020080000610000090000500100400000

000000001000000023004005000000000006000270000030080000000003400007001000809000200

000000001000000023004005000000000036000007800010020000000008500000400090130000000

000000001000000023004005000000000406000030000070020000000700030006004000801006000

000000001000000023004005000000000600000012000007008000000900570020060000310000000

000000001000000023004005000000001000003000006078004000000270500006030000100000000

000000001000000023004005000000001000006007050020000000000030008000600400510200000

000000001000000023004005000000001607000030000082000000000209050030000080100000000

000000001000000023004005000000002000000130000060000570000340000105000800700000000

000000001000000023004005000000002006000030000070000100000008040100060000300700500

000000001000000023004005000000003060000020007089000000000280400007000000300000050

000000001000000023004005000000004000030060000120000507000200000008000700070000600

000000001000000023004005000000006000000070400010000070000804006170000000200300000

000000001000000023004005000000006000007000500010020000000010000008540000200000069

000000001000000023004005000000006000007020000030000400000030082001700000605000000

000000001000000023004005000000006500020000070800040000000700000006010004070020000

000000001000000023004005000000006700000080900030000000000038000005200010106000000

000000001000000023004005000000010000000053600076000000000700080300000400509000000

000000001000000023004005000000010000010200000600000500000040708002006000030000100

000000001000000023004005000000010000010200000600000500000040708002006900030000000

000000001000000023004005000000010000010200000600000500000040708002106000030000000

000000001000000023004005000000010400026000000300000000000207030005040000800000009

000000001000000023004056000000000007020300000040005000000028400039000000700000000

000000001000000023004056000000000070000003500048200000000840000030000000700090000

000000001000000023004056000000001500003004000020000070000300000060000000270000800

000000001000000023004056000000002600070000010800300000000040300060000000200000008

000000001000000023004056000000003000000078009120000000000300200007000000900000600

000000001000000023004056000000004600001200000060000007000300000050000010300008000

000000001000000023004056000000007000012000000800090500000100002000300000070040000

000000001000000023004056000000007000020000038510000000007800000100000000600000500

000000001000000023004056000000007180030200000050000000001030000008000600900000000

000000001000000023004056000000007600010030000020000080000200300005000000800000070

000000001000000230004005000000000040000006700030028000000130000007400000809000000

000000001000000230004015000000000005000200006040370000000800900001000000500000070

000000001000000230004056000000000005007000006080090000000200007500000800900300000

000000001000000230004056000000000007000200000087000090000307000100000009300004000

000000001000000230004056000000007008020000010070000000000200000008300006900000005

000000001000001000002030040000000005030060000500000708000508200040000030100000000

000000001000001002003040000000000050006000300034000000000570800010000400200900000

000000001000001020003000004000000503010000000670080000000300700000409000080000060

000000001000001020003004000000020000050600000170000500000085000008000000302000006

000000001000001020003040000000050000040300000600007050000600003500000400820000000

000000001000001020003040000000050300010000006600300000000706000008000050020000400

000000001000001020003045000000000400000060007025000000000680500010030000700000000

000000001000001023004000000000000400010030000500060700000105000003007008020000000

000000001000002000000003040000050000003000500060010700000800060005000010702009000

000000001000002000001003040000010050000600000270000300000050006003080000080000200

000000001000002000001030040000000530006000000040007080000100006070000200200050000

000000001000002000001030045000000600000070002038100000000006300004000000200800000

000000001000002000003000040000003050006070000010000208000100009300000002500060000

000000001000002000003000040000005670018000000030060000000010000000830050920000000

000000001000002000003000045000000006000070000086000009000600200300100000720000080

000000001000002000003000045000000006000070000086000009000600200300500000720000080

000000001000002000003000045000000260000040700060080000000706000100000000504000008

000000001000002000003000045000000600000063000270000000000700200001040000800100009

000000001000002000003000045000000607004000000010060800000304000600090000700000200

000000001000002000003000045000060200007080000050000034000700800200000000400010000

000000001000002000003004050000000240000160000070000000000008007100000006302040000

000000001000002000003004050000000420000160000070000000000008007100000006304020000

000000001000002000003040056000000040000007200008600000040000000270100000900000008

000000001000002000013040050000000400000600103750000000000030000000100800200000040

000000001000002000034000050000030000000600700810000200000041030006000800200000000

000000001000002003002004000000000050030060000070008040000030700006710000900000000

000000001000002003004000050000001600050470000800000002000050040009000000600700000

000000001000002003004050000000006030001000007050300000000100400030070080600000000

000000001000002030002004000000005200010060070300000000000070000004000005800100400

000000001000002030004005000000000050020000600730080000000020007005000400300100000

000000001000002030004005000000060000001400000050000027000810400030000000200000060

000000000000000001002003040000000500000060700084000020000004000039502000700000006

000000000000000001002003040000005000006002500014000007000010005008000300020070000

000000000000000001002034000000000050006007800090001000000890004003050000100000009

000000000000000001002034000000001005003000062060700000000060700010000480500000000

000000000000000012003004000000003506000070000010000080000050003020000040180600000

000000000000000012003004000000005160000060000240000000000020300070000004500100080

000000000000000012003004000000005607000060000140000000000010300080000040500700009

000000000000000012003004005000000630020007000060000000000260800005100000009000700

000000000000000012003045000000067004018000000900000000000200000600100000700000095

000000000000000012003045000000100060040000500130000000000300000000706000280000400

000000000000001002003000004000000000000056010024030000000000700008000060019280000

000000000000001002003000004000002000000150060047000300000300010028070000500000000

000000000000001002003000040000000005000036000170000004000500830200000000906000070

000000000000001002003000045000000030060000000720050000000003100050000008900406000

000000000000001002003000045000004600007000300050020000000700000140000008600030000

000000000000001002003002014000000000000050060070800500000300000060500000102000007

000000000000001002003004050000003000006070800010002000000800170004000000205000000

000000000000001002003004050000003000006070800010002000000800190004000000205000000

000000000000001002003004050000006000007000080010000000000080100005000040206700009

000000000000001002034000050000000005000006000700038000000047800005080000201000000

000000000000001002034000050000060030200000001700000000000700080060000900109002000

000000000000001002034050060000000050002000400708600000000002008040000000050008000

000000000000001023014050000000000002030000001670008000000000700000300000002000650

000000001000000002003004050000005600010020000072000000000008300100000000600700400

000000001000000020000003004000050670002000000041008000000091700060000000200700000

000000001000000020001003000000040000005000030060700890000600007003000004904000000

000000001000000020001003000000040000050000030600700890000600007003000004094000000

000000001000000020003004000000001500006020000057000030000300060040000008100500000

000000001000000020003004000000005006002010000037000400000020300080600009500000000

000000001000000020003045000000003500061000000270000000000200060000300010040000008

000000001000000020003045000000006007020100000400000005000700040008200300500000000

000000001000000023000004000000010000005000600470028000000600900010000000320000007

000000001000000023000045000000001406005000000027000000000500600030000000180300000

000000001000000023003004000000000500010000000460070080000506000005100000007000002

000000001000000023004005000000000060000030200037100000000400000060010000208000500

000000001000000023004005000000000060000060570020100000006000700100000000380200000

000000001000000023004005000000000400006030000130020000000507000000600800290000000

000000001000000023004005000000006400010040000700008000000700000020100000600000708

000000001000000023004005000000010000006700080030000500000080000000460000520000030

000000001000000230004005000000000060000030005017800000000206700050000040100000000

000000001000001020003000004000030000000500600021000000000070000005000360800002700

000000001000001023004000000000000400050000000060072080000500600001000005200080000

000000001000002000001030040000005000000006205047000000000080070050000300600100000

000000001000002000001030040000005000000006205047000000000080070050000800600100000

000000001000002000003000004000000050000670030080040000000008000090051000600000290

000000001000002000003000040000000510000006300060470000000010005320000800900000000

000000001000002000003000040000051000060000000070000208000670400100000030800000050

000000001000002000003000040000051000060000000070000208000670400100000050800000030

000000001000002000003004050000010060020700000500000000000080000006003000400006207

000000001000002000003004050000060000000700620018000000000085003060000008200000000

000000001000002000003040050000000006010000402700350000000600000008000040500100000

