+---+---+---+
|000|000|001|
|000|000|020|
|000|003|000|
+---+---+---+
|000|040|500|
|006|000|300|
|007|810|000|
+---+---+---+
|010|020|004|
|030|000|070|
|950|000|000|
+---+---+---+
2345678,246789,234589,245679,56789,2456789,46789,345689,,
1345678,46789,134589,145679,56789,1456789,46789,,356789,
1245678,246789,124589,1245679,56789,,46789,45689,56789,
1238,289,12389,23679,,2679,,1689,26789,
12458,2489,,2579,579,2579,,1489,2789,
2345,249,,,,2569,2469,469,269,
678,,8,35679,,56789,689,35689,,
2468,,248,14569,5689,145689,12689,,25689,
,,248,13467,3678,14678,1268,1368,2368,
varv
varv
+---+---+---+
|000|000|001|
|000|000|023|
|000|003|000|
+---+---+---+
|000|040|500|
|006|000|300|
|307|810|000|
+---+---+---+
|018|020|004|
|030|000|070|
|950|030|000|
+---+---+---+
245678,246789,23459,245679,56789,2456789,46789,45689,,
145678,46789,1459,145679,56789,1456789,46789,,,
1245678,246789,12459,1245679,56789,,46789,45689,56789,
128,289,129,23679,,2679,,1689,26789,
12458,2489,,2579,579,2579,,1489,2789,
,249,,,,2569,2469,469,269,
67,,,5679,,5679,69,3569,,
246,,24,14569,5689,145689,12689,,25689,
,,24,1467,,14678,1268,168,268,
Box: 0 0 3
+---+---+---+
|003|000|001|
|000|000|023|
|000|003|000|
+---+---+---+
|000|040|500|
|006|000|300|
|307|810|000|
+---+---+---+
|018|020|004|
|030|000|070|
|950|030|000|
+---+---+---+
245678,246789,,245679,56789,2456789,46789,45689,,
145678,46789,1459,145679,56789,1456789,46789,,,
1245678,246789,12459,1245679,56789,,46789,45689,56789,
128,289,129,23679,,2679,,1689,26789,
12458,2489,,2579,579,2579,,1489,2789,
,249,,,,2569,2469,469,269,
67,,,5679,,5679,69,3569,,
246,,24,14569,5689,145689,12689,,25689,
,,24,1467,,14678,1268,168,268,
Box: 3 0 5
+---+---+---+
|003|000|001|
|000|000|023|
|000|003|000|
+---+---+---+
|000|040|500|
|506|000|300|
|307|810|000|
+---+---+---+
|018|020|004|
|030|000|070|
|950|030|000|
+---+---+---+
24678,246789,,245679,56789,2456789,46789,45689,,
14678,46789,1459,145679,56789,1456789,46789,,,
124678,246789,12459,1245679,56789,,46789,45689,56789,
128,289,129,23679,,2679,,1689,26789,
,2489,,279,79,279,,1489,2789,
,249,,,,2569,2469,469,269,
67,,,5679,,5679,69,3569,,
246,,24,14569,5689,145689,12689,,25689,
,,24,1467,,14678,1268,168,268,
Box: 6 0 7
+---+---+---+
|003|000|001|
|000|000|023|
|000|003|000|
+---+---+---+
|000|040|500|
|506|000|300|
|307|810|000|
+---+---+---+
|718|020|004|
|030|000|070|
|950|030|000|
+---+---+---+
2468,246789,,245679,56789,2456789,46789,45689,,
1468,46789,1459,145679,56789,1456789,46789,,,
12468,246789,12459,1245679,56789,,46789,45689,56789,
128,289,129,23679,,2679,,1689,26789,
,2489,,279,79,279,,1489,2789,
,249,,,,2569,2469,469,269,
,,,569,,569,69,3569,,
246,,24,14569,5689,145689,12689,,25689,
,,24,1467,,14678,1268,168,268,
+---+---+---+
|003|000|001|
|000|000|023|
|000|003|000|
+---+---+---+
|000|040|500|
|506|000|300|
|307|810|000|
+---+---+---+
|718|020|004|
|030|000|070|
|950|030|000|
+---+---+---+
2468,246789,,245679,56789,2456789,46789,45689,,
1468,46789,1459,145679,56789,1456789,46789,,,
12468,246789,12459,1245679,56789,,46789,45689,56789,
128,289,129,23679,,2679,,1689,26789,
,2489,,279,79,279,,1489,2789,
,249,,,,2569,2469,469,269,
,,,569,,569,69,3569,,
246,,24,14569,5689,145689,12689,,25689,
,,24,1467,,14678,1268,168,268,
Box: 3 3 3
Box: 3 3 5
+---+---+---+
|003|000|001|
|000|000|023|
|000|003|000|
+---+---+---+
|000|340|500|
|506|000|300|
|307|815|000|
+---+---+---+
|718|020|004|
|030|000|070|
|950|030|000|
+---+---+---+
2468,246789,,245679,56789,246789,46789,45689,,
1468,46789,1459,145679,56789,146789,46789,,,
12468,246789,12459,1245679,56789,,46789,45689,56789,
128,289,129,,,2679,,1689,26789,
,2489,,279,79,279,,1489,2789,
,249,,,,,2469,469,269,
,,,569,,69,69,3569,,
246,,24,14569,5689,14689,12689,,25689,
,,24,1467,,14678,1268,168,268,
+---+---+---+
|003|000|001|
|000|000|023|
|000|003|000|
+---+---+---+
|000|340|500|
|506|000|300|
|307|815|000|
+---+---+---+
|718|020|004|
|030|000|070|
|950|030|000|
+---+---+---+
2468,246789,,245679,56789,246789,46789,45689,,
1468,46789,1459,145679,56789,146789,46789,,,
12468,246789,12459,1245679,56789,,46789,45689,56789,
128,289,129,,,2679,,1689,26789,
,2489,,279,79,279,,1489,2789,
,249,,,,,2469,469,269,
,,,569,,69,69,3569,,
246,,24,14569,5689,14689,12689,,25689,
,,24,1467,,14678,1268,168,268,
+---+---+---+
|003|000|001|
|000|000|023|
|000|003|000|
+---+---+---+
|000|340|500|
|506|000|300|
|307|815|000|
+---+---+---+
|718|020|004|
|030|000|070|
|950|030|000|
+---+---+---+
2468,246789,,245679,56789,246789,46789,45689,,
1468,46789,1459,145679,56789,146789,46789,,,
12468,246789,12459,1245679,56789,,46789,45689,56789,
128,289,129,,,2679,,1689,26789,
,2489,,279,79,279,,1489,2789,
,249,,,,,2469,469,269,
,,,569,,69,69,3569,,
246,,24,14569,5689,14689,12689,,25689,
,,24,1467,,14678,1268,168,268,
+---+---+---+
|003|000|001|
|000|000|023|
|000|003|000|
+---+---+---+
|000|340|500|
|506|000|300|
|307|815|000|
+---+---+---+
|718|020|004|
|030|000|070|
|950|030|000|
+---+---+---+
2468,246789,,245679,56789,246789,46789,45689,,
1468,46789,1459,145679,56789,146789,46789,,,
12468,246789,12459,1245679,56789,,46789,45689,56789,
128,289,129,,,2679,,1689,26789,
,2489,,279,79,279,,1489,2789,
,249,,,,,2469,469,269,
,,,569,,69,69,3569,,
246,,24,14569,5689,14689,12689,,25689,
,,24,1467,,14678,1268,168,268,
Box: 6 6 3
varv
+---+---+---+
|003|000|001|
|000|000|023|
|000|003|000|
+---+---+---+
|000|340|500|
|506|000|310|
|307|815|000|
+---+---+---+
|718|520|034|
|030|000|075|
|950|030|000|
+---+---+---+
2468,246789,,24679,56789,246789,46789,45689,,
1468,46789,1459,14679,56789,146789,46789,,,
12468,246789,12459,124679,56789,,46789,45689,6789,
128,289,129,,,2679,,689,26789,
,2489,,279,79,279,,,2789,
,249,,,,,2469,469,269,
,,,,,69,69,,,
246,,24,1469,689,14689,12689,,,
,,24,1467,,14678,1268,68,268,
+---+---+---+
|003|000|001|
|000|000|023|
|000|003|000|
+---+---+---+
|000|340|500|
|506|000|310|
|307|815|000|
+---+---+---+
|718|520|034|
|030|000|075|
|950|030|000|
+---+---+---+
2468,246789,,24679,56789,246789,46789,45689,,
1468,46789,1459,14679,56789,146789,46789,,,
12468,246789,12459,124679,56789,,46789,45689,6789,
128,289,129,,,2679,,689,26789,
,2489,,279,79,279,,,2789,
,249,,,,,2469,469,269,
,,,,,69,69,,,
246,,24,1469,689,14689,12689,,,
,,24,1467,,14678,1268,68,268,
+---+---+---+
|003|000|001|
|000|000|023|
|000|003|000|
+---+---+---+
|000|340|500|
|506|000|310|
|307|815|000|
+---+---+---+
|718|520|034|
|030|000|075|
|950|030|000|
+---+---+---+
2468,246789,,24679,56789,246789,46789,45689,,
1468,46789,1459,14679,56789,146789,46789,,,
12468,246789,12459,124679,56789,,46789,45689,6789,
128,289,129,,,2679,,689,26789,
,2489,,279,79,279,,,2789,
,249,,,,,2469,469,269,
,,,,,69,69,,,
246,,24,1469,689,14689,12689,,,
,,24,1467,,14678,1268,68,268,
Box: 6 0 6
+---+---+---+
|003|000|001|
|000|000|023|
|000|003|000|
+---+---+---+
|000|340|500|
|506|000|310|
|307|815|000|
+---+---+---+
|718|520|034|
|630|000|075|
|950|030|000|
+---+---+---+
248,246789,,24679,56789,246789,46789,45689,,
148,46789,1459,14679,56789,146789,46789,,,
1248,246789,12459,124679,56789,,46789,45689,6789,
128,289,129,,,2679,,689,26789,
,2489,,279,79,279,,,2789,
,249,,,,,2469,469,269,
,,,,,69,69,,,
,,24,149,89,1489,1289,,,
,,24,1467,,14678,1268,68,268,
+---+---+---+
|003|000|001|
|000|000|023|
|000|003|000|
+---+---+---+
|000|340|500|
|506|000|310|
|307|815|000|
+---+---+---+
|718|520|034|
|630|000|075|
|950|030|000|
+---+---+---+
248,246789,,24679,56789,246789,46789,45689,,
148,46789,1459,14679,56789,146789,46789,,,
1248,246789,12459,124679,56789,,46789,45689,6789,
128,289,129,,,2679,,689,26789,
,2489,,279,79,279,,,2789,
,249,,,,,2469,469,269,
,,,,,69,69,,,
,,24,149,89,1489,1289,,,
,,24,1467,,14678,1268,68,268,
Box: 3 3 6
+---+---+---+
|003|000|001|
|000|000|023|
|000|003|000|
+---+---+---+
|000|346|500|
|506|000|310|
|307|815|000|
+---+---+---+
|718|520|034|
|630|000|075|
|950|030|000|
+---+---+---+
248,246789,,24679,56789,24789,46789,45689,,
148,46789,1459,14679,56789,14789,46789,,,
1248,246789,12459,124679,56789,,46789,45689,6789,
128,289,129,,,,,89,2789,
,2489,,279,79,279,,,2789,
,249,,,,,2469,469,269,
,,,,,9,69,,,
,,24,149,89,1489,1289,,,
,,24,1467,,1478,1268,68,268,
Box: 6 3 6
+---+---+---+
|003|000|001|
|000|000|023|
|000|003|000|
+---+---+---+
|000|346|500|
|506|000|310|
|307|815|000|
+---+---+---+
|718|520|034|
|630|000|075|
|950|630|000|
+---+---+---+
248,246789,,2479,56789,24789,46789,45689,,
148,46789,1459,1479,56789,14789,46789,,,
1248,246789,12459,12479,56789,,46789,45689,6789,
128,289,129,,,,,89,2789,
,2489,,279,79,279,,,2789,
,249,,,,,2469,469,269,
,,,,,9,69,,,
,,24,149,89,1489,1289,,,
,,24,,,1478,128,8,28,
+---+---+---+
|003|000|001|
|000|000|023|
|000|003|000|
+---+---+---+
|000|346|500|
|506|000|310|
|307|815|000|
+---+---+---+
|718|520|034|
|630|000|075|
|950|630|000|
+---+---+---+
248,246789,,2479,56789,24789,46789,45689,,
148,46789,1459,1479,56789,14789,46789,,,
1248,246789,12459,12479,56789,,46789,45689,6789,
128,289,129,,,,,89,2789,
,2489,,279,79,279,,,2789,
,249,,,,,2469,469,269,
,,,,,9,69,,,
,,24,149,89,1489,1289,,,
,,24,,,1478,128,8,28,
+---+---+---+
|003|000|001|
|000|000|023|
|000|003|000|
+---+---+---+
|000|346|500|
|506|000|310|
|307|815|000|
+---+---+---+
|718|520|034|
|630|000|075|
|950|630|000|
+---+---+---+
248,246789,,2479,56789,24789,46789,45689,,
148,46789,1459,1479,56789,14789,46789,,,
1248,246789,12459,12479,56789,,46789,45689,6789,
128,289,129,,,,,89,2789,
,2489,,279,79,279,,,2789,
,249,,,,,2469,469,269,
,,,,,9,69,,,
,,24,149,89,1489,1289,,,
,,24,,,1478,128,8,28,
Box: 6 6 6
varv
varv
varv
varv
varv
varv
+---+---+---+
|003|000|001|
|000|000|023|
|000|003|009|
+---+---+---+
|001|346|597|
|546|002|310|
|397|815|246|
+---+---+---+
|718|529|634|
|632|080|975|
|954|637|182|
+---+---+---+
248,2678,,2479,5679,48,478,56,,
148,678,59,1479,5679,148,478,,,
1248,2678,5,1247,567,,478,56,,
28,28,,,,,,,,
,,,79,79,,,,8,
,,,,,,,,,
,,,,,,,,,
,,,14,,14,,,,
,,,,,,,,,
Box: 0 0 9
+---+---+---+
|003|000|001|
|009|000|023|
|000|003|009|
+---+---+---+
|001|346|597|
|546|002|310|
|397|815|246|
+---+---+---+
|718|529|634|
|632|080|975|
|954|637|182|
+---+---+---+
248,2678,,2479,5679,48,478,56,,
148,678,,147,567,148,478,,,
1248,2678,5,1247,567,,478,56,,
28,28,,,,,,,,
,,,79,79,,,,8,
,,,,,,,,,
,,,,,,,,,
,,,14,,14,,,,
,,,,,,,,,
+---+---+---+
|003|000|001|
|009|000|023|
|000|003|009|
+---+---+---+
|001|346|597|
|546|002|310|
|397|815|246|
+---+---+---+
|718|529|634|
|632|080|975|
|954|637|182|
+---+---+---+
248,2678,,2479,5679,48,478,56,,
148,678,,147,567,148,478,,,
1248,2678,5,1247,567,,478,56,,
28,28,,,,,,,,
,,,79,79,,,,8,
,,,,,,,,,
,,,,,,,,,
,,,14,,14,,,,
,,,,,,,,,
+---+---+---+
|003|000|001|
|009|000|023|
|000|003|009|
+---+---+---+
|001|346|597|
|546|002|310|
|397|815|246|
+---+---+---+
|718|529|634|
|632|080|975|
|954|637|182|
+---+---+---+
248,2678,,2479,5679,48,478,56,,
148,678,,147,567,148,478,,,
1248,2678,5,1247,567,,478,56,,
28,28,,,,,,,,
,,,79,79,,,,8,
,,,,,,,,,
,,,,,,,,,
,,,14,,14,,,,
,,,,,,,,,
+---+---+---+
|003|000|001|
|009|000|023|
|000|003|009|
+---+---+---+
|001|346|597|
|546|002|310|
|397|815|246|
+---+---+---+
|718|529|634|
|632|080|975|
|954|637|182|
+---+---+---+
248,2678,,2479,5679,48,478,56,,
148,678,,147,567,148,478,,,
1248,2678,5,1247,567,,478,56,,
28,28,,,,,,,,
,,,79,79,,,,8,
,,,,,,,,,
,,,,,,,,,
,,,14,,14,,,,
,,,,,,,,,
+---+---+---+
|003|000|001|
|009|000|023|
|000|003|009|
+---+---+---+
|001|346|597|
|546|002|310|
|397|815|246|
+---+---+---+
|718|529|634|
|632|080|975|
|954|637|182|
+---+---+---+
248,2678,,2479,5679,48,478,56,,
148,678,,147,567,148,478,,,
1248,2678,5,1247,567,,478,56,,
28,28,,,,,,,,
,,,79,79,,,,8,
,,,,,,,,,
,,,,,,,,,
,,,14,,14,,,,
,,,,,,,,,
+---+---+---+
|003|000|001|
|009|000|023|
|000|003|009|
+---+---+---+
|001|346|597|
|546|002|310|
|397|815|246|
+---+---+---+
|718|529|634|
|632|080|975|
|954|637|182|
+---+---+---+
248,2678,,2479,5679,48,478,56,,
148,678,,147,567,148,478,,,
1248,2678,5,1247,567,,478,56,,
28,28,,,,,,,,
,,,79,79,,,,8,
,,,,,,,,,
,,,,,,,,,
,,,14,,14,,,,
,,,,,,,,,
+---+---+---+
|003|000|001|
|009|000|023|
|000|003|009|
+---+---+---+
|001|346|597|
|546|002|310|
|397|815|246|
+---+---+---+
|718|529|634|
|632|080|975|
|954|637|182|
+---+---+---+
248,2678,,2479,5679,48,478,56,,
148,678,,147,567,148,478,,,
1248,2678,5,1247,567,,478,56,,
28,28,,,,,,,,
,,,79,79,,,,8,
,,,,,,,,,
,,,,,,,,,
,,,14,,14,,,,
,,,,,,,,,
Box: 3 6 8
+---+---+---+
|003|000|001|
|009|000|023|
|000|003|009|
+---+---+---+
|001|346|597|
|546|002|318|
|397|815|246|
+---+---+---+
|718|529|634|
|632|080|975|
|954|637|182|
+---+---+---+
248,2678,,2479,5679,48,478,56,,
148,678,,147,567,148,478,,,
1248,2678,5,1247,567,,478,56,,
28,28,,,,,,,,
,,,79,79,,,,,
,,,,,,,,,
,,,,,,,,,
,,,14,,14,,,,
,,,,,,,,,
varv
varv
varv
varv
+---+---+---+
|073|960|051|
|069|050|723|
|005|273|069|
+---+---+---+
|001|346|597|
|546|792|318|
|397|815|246|
+---+---+---+
|718|529|634|
|632|080|975|
|954|637|182|
+---+---+---+
248,,,,,48,48,,,
148,,,14,,148,,,,
148,8,,,,,48,,,
28,28,,,,,,,,
,,,,,,,,,
,,,,,,,,,
,,,,,,,,,
,,,14,,14,,,,
,,,,,,,,,
Box: 0 0 2
+---+---+---+
|273|960|051|
|069|050|723|
|005|273|069|
+---+---+---+
|001|346|597|
|546|792|318|
|397|815|246|
+---+---+---+
|718|529|634|
|632|080|975|
|954|637|182|
+---+---+---+
,,,,,48,48,,,
148,,,14,,148,,,,
148,8,,,,,48,,,
8,28,,,,,,,,
,,,,,,,,,
,,,,,,,,,
,,,,,,,,,
,,,14,,14,,,,
,,,,,,,,,
Box: 3 0 2
+---+---+---+
|273|960|051|
|069|050|723|
|005|273|069|
+---+---+---+
|021|346|597|
|546|792|318|
|397|815|246|
+---+---+---+
|718|529|634|
|632|080|975|
|954|637|182|
+---+---+---+
,,,,,48,48,,,
148,,,14,,148,,,,
148,8,,,,,48,,,
8,,,,,,,,,
,,,,,,,,,
,,,,,,,,,
,,,,,,,,,
,,,14,,14,,,,
,,,,,,,,,
+---+---+---+
|273|960|051|
|069|050|723|
|005|273|069|
+---+---+---+
|021|346|597|
|546|792|318|
|397|815|246|
+---+---+---+
|718|529|634|
|632|080|975|
|954|637|182|
+---+---+---+
,,,,,48,48,,,
148,,,14,,148,,,,
148,8,,,,,48,,,
8,,,,,,,,,
,,,,,,,,,
,,,,,,,,,
,,,,,,,,,
,,,14,,14,,,,
,,,,,,,,,
+---+---+---+
|273|960|051|
|069|050|723|
|005|273|069|
+---+---+---+
|021|346|597|
|546|792|318|
|397|815|246|
+---+---+---+
|718|529|634|
|632|080|975|
|954|637|182|
+---+---+---+
,,,,,48,48,,,
148,,,14,,148,,,,
148,8,,,,,48,,,
8,,,,,,,,,
,,,,,,,,,
,,,,,,,,,
,,,,,,,,,
,,,14,,14,,,,
,,,,,,,,,
+---+---+---+
|273|960|051|
|069|050|723|
|005|273|069|
+---+---+---+
|021|346|597|
|546|792|318|
|397|815|246|
+---+---+---+
|718|529|634|
|632|080|975|
|954|637|182|
+---+---+---+
,,,,,48,48,,,
148,,,14,,148,,,,
148,8,,,,,48,,,
8,,,,,,,,,
,,,,,,,,,
,,,,,,,,,
,,,,,,,,,
,,,14,,14,,,,
,,,,,,,,,
+---+---+---+
|273|960|051|
|069|050|723|
|005|273|069|
+---+---+---+
|021|346|597|
|546|792|318|
|397|815|246|
+---+---+---+
|718|529|634|
|632|080|975|
|954|637|182|
+---+---+---+
,,,,,48,48,,,
148,,,14,,148,,,,
148,8,,,,,48,,,
8,,,,,,,,,
,,,,,,,,,
,,,,,,,,,
,,,,,,,,,
,,,14,,14,,,,
,,,,,,,,,
+---+---+---+
|273|960|051|
|069|050|723|
|005|273|069|
+---+---+---+
|021|346|597|
|546|792|318|
|397|815|246|
+---+---+---+
|718|529|634|
|632|080|975|
|954|637|182|
+---+---+---+
,,,,,48,48,,,
148,,,14,,148,,,,
148,8,,,,,48,,,
8,,,,,,,,,
,,,,,,,,,
,,,,,,,,,
,,,,,,,,,
,,,14,,14,,,,
,,,,,,,,,
+---+---+---+
|273|960|051|
|069|050|723|
|005|273|069|
+---+---+---+
|021|346|597|
|546|792|318|
|397|815|246|
+---+---+---+
|718|529|634|
|632|080|975|
|954|637|182|
+---+---+---+
,,,,,48,48,,,
148,,,14,,148,,,,
148,8,,,,,48,,,
8,,,,,,,,,
,,,,,,,,,
,,,,,,,,,
,,,,,,,,,
,,,14,,14,,,,
,,,,,,,,,
varv
varv
varv
varv
+---+---+---+
|273|964|851|
|469|158|723|
|185|273|469|
+---+---+---+
|821|346|597|
|546|792|318|
|397|815|246|
+---+---+---+
|718|529|634|
|632|481|975|
|954|637|182|
+---+---+---+
,,,,,,,,,
,,,,,,,,,
,,,,,,,,,
,,,,,,,,,
,,,,,,,,,
,,,,,,,,,
,,,,,,,,,
,,,,,,,,,
,,,,,,,,,
+---+---+---+
|273|964|851|
|469|158|723|
|185|273|469|
+---+---+---+
|821|346|597|
|546|792|318|
|397|815|246|
+---+---+---+
|718|529|634|
|632|481|975|
|954|637|182|
+---+---+---+
,,,,,,,,,
,,,,,,,,,
,,,,,,,,,
,,,,,,,,,
,,,,,,,,,
,,,,,,,,,
,,,,,,,,,
,,,,,,,,,
,,,,,,,,,
+---+---+---+
|273|964|851|
|469|158|723|
|185|273|469|
+---+---+---+
|821|346|597|
|546|792|318|
|397|815|246|
+---+---+---+
|718|529|634|
|632|481|975|
|954|637|182|
+---+---+---+
,,,,,,,,,
,,,,,,,,,
,,,,,,,,,
,,,,,,,,,
,,,,,,,,,
,,,,,,,,,
,,,,,,,,,
,,,,,,,,,
,,,,,,,,,
+---+---+---+
|273|964|851|
|469|158|723|
|185|273|469|
+---+---+---+
|821|346|597|
|546|792|318|
|397|815|246|
+---+---+---+
|718|529|634|
|632|481|975|
|954|637|182|
+---+---+---+
,,,,,,,,,
,,,,,,,,,
,,,,,,,,,
,,,,,,,,,
,,,,,,,,,
,,,,,,,,,
,,,,,,,,,
,,,,,,,,,
,,,,,,,,,
+---+---+---+
|273|964|851|
|469|158|723|
|185|273|469|
+---+---+---+
|821|346|597|
|546|792|318|
|397|815|246|
+---+---+---+
|718|529|634|
|632|481|975|
|954|637|182|
+---+---+---+
,,,,,,,,,
,,,,,,,,,
,,,,,,,,,
,,,,,,,,,
,,,,,,,,,
,,,,,,,,,
,,,,,,,,,
,,,,,,,,,
,,,,,,,,,
+---+---+---+
|273|964|851|
|469|158|723|
|185|273|469|
+---+---+---+
|821|346|597|
|546|792|318|
|397|815|246|
+---+---+---+
|718|529|634|
|632|481|975|
|954|637|182|
+---+---+---+
,,,,,,,,,
,,,,,,,,,
,,,,,,,,,
,,,,,,,,,
,,,,,,,,,
,,,,,,,,,
,,,,,,,,,
,,,,,,,,,
,,,,,,,,,
+---+---+---+
|273|964|851|
|469|158|723|
|185|273|469|
+---+---+---+
|821|346|597|
|546|792|318|
|397|815|246|
+---+---+---+
|718|529|634|
|632|481|975|
|954|637|182|
+---+---+---+
,,,,,,,,,
,,,,,,,,,
,,,,,,,,,
,,,,,,,,,
,,,,,,,,,
,,,,,,,,,
,,,,,,,,,
,,,,,,,,,
,,,,,,,,,
+---+---+---+
|273|964|851|
|469|158|723|
|185|273|469|
+---+---+---+
|821|346|597|
|546|792|318|
|397|815|246|
+---+---+---+
|718|529|634|
|632|481|975|
|954|637|182|
+---+---+---+
,,,,,,,,,
,,,,,,,,,
,,,,,,,,,
,,,,,,,,,
,,,,,,,,,
,,,,,,,,,
,,,,,,,,,
,,,,,,,,,
,,,,,,,,,
+---+---+---+
|273|964|851|
|469|158|723|
|185|273|469|
+---+---+---+
|821|346|597|
|546|792|318|
|397|815|246|
+---+---+---+
|718|529|634|
|632|481|975|
|954|637|182|
+---+---+---+
,,,,,,,,,
,,,,,,,,,
,,,,,,,,,
,,,,,,,,,
,,,,,,,,,
,,,,,,,,,
,,,,,,,,,
,,,,,,,,,
,,,,,,,,,
,,,,,,,,,
,,,,,,,,,
,,,,,,,,,
,,,,,,,,,
,,,,,,,,,
,,,,,,,,,
,,,,,,,,,
,,,,,,,,,
,,,,,,,,,
+---+---+---+
|273|964|851|
|469|158|723|
|185|273|469|
+---+---+---+
|821|346|597|
|546|792|318|
|397|815|246|
+---+---+---+
|718|529|634|
|632|481|975|
|954|637|182|
+---+---+---+
