769321845584769312123845679245136798918574263376982451497253186631498527852617934
274681953856379412193245867735428691942167385618953724461832579327596148589714236
235768491671942538894135726943687215716523984582491367358214679167359842429876153
293467581651892437784135926938674215416523879572981364347219658169358742825746193
756832941918476523324915768632758419485169237179324685863547192541293876297681354
123789645769451823845263971537618492294375168681924357912847536478536219356192784
954762831761839542283154796498215367375946218126387954639428175512673489847591623
958732461167489523234156879413975286576328194829641735381264957795813642642597318
736918524951462873248753961394275186182396457675841392469187235513629748827534619
782635491546891372193274856821746539459318627637952148965123784214587963378469215
296871354845963712173245689752318496419652837368497125937124568684539271521786943
697382541145967382283145679958726134324819756761534928439251867876493215512678493
756932841819476523324815769632759418945168237178324695463597182581243976297681354
785632941614987523923145867491753286836429715257816439548371692162598374379264158
785632941614987523923145867491753286836429715257816439548371692179264358362598174
926387541851946723734125689572691438419538267368274195693712854145863972287459316
932678451578194623614235978493521786126783594785946132849367215261859347357412869
932678451578194623614235978497523186326781594185946732849367215261859347753412869
932768154875941623614253987143872596256194738798635412461389275589427361327516849
621954387598371462734826951473218695982635174156497238867149523315762849249583716
756832941148569723293714856819325674624197385375648219962471538531286497487953162
678425913459371682123986745892643571564718329731592468386157294247839156915264837
278465913549381762163927845986743521321596478754812396637159284492638157815274639
429573816875641392613298745386419527542367981197825463764952138958136274231784659
972865431581342967634179852359218746827456319146793285498521673765934128213687594
256943781487152936913678542839716425524839167671524398395287614762491853148365279
256943781487152936913678542839716425524839167671524893395287614762491358148365279
856732491941685372273194568789263154315948627624571983537816249192457836468329715
261983745958741623374256189813564297542379816796812534689135472427698351135427968
249683715678541392153297846891764523365912487427358169934176258582439671716825934
789423561516978423324156897931682754657394182842517639493765218168249375275831946
652938471491752386783164952348219567167345829925876143574693218236581794819427635
986721345547893612123645987238569174419372856675184239791436528364258791852917463
832796541657481923914325786261958437498137265375642819546219378783564192129873654
932786541657941823814325796261859437549137268378462915793218654486593172125674389
846537921751892634293164758189256347527348196634971285962415873315789462478623519
546837921781592634293164758159286347827345196634971285962418573318759462475623819
621584973579361482834792156456827391782139564193456827368215749217948635945673218
976821453458396712123745698389614527562978134714253986247139865695482371831567249
182437956796581423345962817961843572438725169257619348613258794574396281829174635
862793541517468923934215687491856372675132894328947165286571439759384216143629758
897612354546937812213845769358791246429563187761428593134259678975386421682174935
827639451645718923139245687914526738573184296286973514498357162362491875751862349
245869731869371542173254896392185467517643928486792315951428673738916254624537189
456938721981752643732146598297813456568294317314567982843629175675481239129375864
876342591951768423234195876728951634643827159519436287492513768185679342367284915
732596841589471623614823975973248516845617239126935784291754368458362197367189452
312789645697451823845362197534827961986513274271694358768935412423176589159248736
245869731869371542173254896392185467517643928486792315951427683738916254624538179
258791643649538712173624895792815364364279158815346279487963521521487936936152487
245863719678491352193257846367984125851672493429135687782349561514726938936518274
245783619768941352193256847374892165851674293629135784482369571516427938937518426
245683719678941352193527846367894125851362497429715683782439561514276938936158274
245873619768941352193526847379482165851369724624715983982634571437158296516297438
245783619768491352193256847379842165851369724624175983982634571437518296516927438
932854761487612953561937248695341872124785396378296514743129685856473129219568437
382675941675941823194382675853267419947138256216594738721856394438719562569423187
357829641986471523124635987472583196693147852518296374249318765761954238835762419
756382941491567823283914675847125369315649287629873154172436598534298716968751432
863792451157864923294315786932541678641278395578639142426953817315487269789126534
782693541695147823314285769851932476439876152276451398943528617567319284128764935
953687241678412953124953876295741368317268594486395127861579432739124685542836719
976312854845679312123845796359728461461593287287164935738251649614987523592436178
986321754745689312213745896359872461461593287827164935138257649674918523592436178
362978451857641923194325768973214685618759342245863197421597836786432519539186274
517682934468937512923145687354791268276358491189264753841576329795823146632419875
956723841874691523132845967285367419463918275791452386329174658518236794647589132
362487951758691423194235768481756239529318647637942815873524196215869374946173582
471259683359846271862173945236491857948567312715382496624915738187634529593728164
876239541954671823132845967285367419463918275791452386327194658549786132618523794
382697541576841923194235678921786435467352819835914267653128794718469352249573186
382967541675841923194235678921586437457392816836714259563128794718459362249673185
962371854457698312183245967329186475574923186816457239648712593795834621231569748
927635841586471923314982756639148275842357619175296384791864532468523197253719468
872635941596471823314829756639147285748352619125986374261794538487563192953218467
867932541415867923239145867348526719972418356651793284596274138183659472724381695
957632841416987523238145967349826715572419386681753294865274139193568472724391658
461582379985376412273914856349651287756238941128749635597423168832167594614895723
861532479945876312273914856439651287756283941128749635597428163382167594614395728
921837654786451923345962718853629471692714385174583269438275196517396842269148537
652394718874561932193827645928476351341958276765213489539142867417689523286735194
738941562946528371152673849381796254429835716675214983597462138263187495814359627
869541372347629581152783946691837254423956817785214693538472169276198435914365728
789541362346829571152673948891736254423985716675214893537462189268197435914358627
283795641976481523145326897759132468461857239832964175694513782317248956528679314
867352941541976823293814765974235186358167492126489357639728514782541639415693278
897362541641975823253814796968137452374256189125489367539728614782641935416593278
768921354459673812123845769972316485514782936836594271647139528391258647285467193
695837421174952683283164759849576312316429875527381946768213594432795168951648237
561927843749863512823154976492576381135482697687319254374698125258731469916245738
987621543456378912123945786639184257518762394274539861391256478745813629862497135
597621843486379512123845796635194287819762354274538961351286479748913625962457138
948562731561387924723914685892643517417859263635271498359428176276135849184796352
957824613846371952213956748361742895492568371578139264725493186139685427684217539
467958321185632497293174856934586712716423985528791634849217563372865149651349278
768459321594312786123786945931845267485627139672931854346198572217563498859274613
892736451756481923314259867249815376681374592537962148123547689478693215965128734
892736541576481923314259867259814376681375492437962158123547689748693215965128734
794862531865317924123945786357194862219586347486723195941278653638451279572639418
852639471946751832173284965287513649364972518519468723791826354435197286628345197
748621953659387412213945786491538267586792341372164895834216579127859634965473128
748621953659387412123945786491538267586792341372164895834216579217859634965473128
697312854458967312123845769536491278841723695279586143782154936364279581915638427
528316794671492583349758162936874251812539476754261938465187329187923645293645817
762854931149372865853196274638921457294765318571438629317249586485613792926587143
742853961169472835853196274638921457294765318571348629417239586385614792926587143
257864319894531762163927845941385276538672194672149538316298457429753681785416923
257983641891746523364215897513692478476158239928374156649827315182539764735461982
267945813584731962913682745791423586348576291652819374836157429429368157175294638
268745913574931862913682745891423576347596281652817394736159428429368157185274639
967245813584731962213689745836157429492368157175924638721493586348576291659812374
962745813574831962813629745736158429498362157125974638281493576347586291659217384
851629743649387512273145896982416375416573928735298164167852439524931687398764251
985634721746192853213578649398415267154267938672983415861349572427851396539726184
978512634435967812126834759283741596619385427547629183394156278752498361861273945
867912543345687912192534876934125687678493251521768394459276138213849765786351429
248695317956371482173842956534287691897164523621953748462538179719426835385719264
673854921841792356952136847124378695398561274567429138719643582285917463436285719
258971643497356812163824795632195487814267539579438126721583964346719258985642371
958273641471586923362914857613792485245861739789345216894137562537628194126459378
896721354547368912213945876639572148421689735785134269352497681168253497974816523
689321754547698312213745869938572146465139278721864935352487691196253487874916523
946382751581679324273145986198263475327594618654718239439821567865937142712456893
582964317647381592913275648398742156425618973176593824231857469764139285859426731
657392841418567923923814765394281576176435298285679314541923687832746159769158432
731298645869541723245367189524139867618752394397684251972815436483976512156423978
276348951591762834834195627482536719765981342913427586127859463359614278648273195
751962438964835712283174965379586241845217396126349587432651879517498623698723154
876342951591768423234195867758921634643857219129436785962514378385279146417683592
583762941769148523124395786958423617641857239237619854492536178816274395375981462
253978641687451923194632758369847512418295376725316894572183469846729135931564287
947352681581976432263814579196285743328147956754693218872561394439728165615439827
632784951587196423914235786895463217123978645476512398751329864248657139369841572
869312745574986312213745689931578426658294173427163958792651834346827591185439267
362879451857461923194325768783214695916758342245693187621547839539186274478932516
362978451957641823184325769793214685816759342245863197421587936538196274679432518
795236481481957326623184795568372149942861573137495862354729618276518934819643257
698521734473869512521734968184692375935187246267453891719248653352916487846375129
721965384568431972934278165345197826892654713617823549476389251159742638283516497
721965384568431792934278165375194826892657413416823579647389251159742638283516947
721465398569831472834279165345187926982654713617923584476398251158742639293516847
457862931619357824283194756894215673375946218126738549538429167942671385761583492
467592831819367524253184796984215673375946218126738945638429157542671389791853462
847692531619357824253184796984215673375946218126738945538429167462571389791863452
785632491946817352213945876324591768591768234678324519839256147467183925152479683
598236741741859623263174895872645139319728564456391287924567318135982476687413952
196382754845679312273145869359726481418593276627814935931258647764931528582467193
968732451157498623324156789279814536531629847846375192783241965492567318615983274
248796531796531824153284976487615392519327648632948157361479285824153769975862413
452786391678391452193524867831675249724938615569142783946217538387459126215863974
857632941461958723293174865946285317318467259725319486534726198672891534189543672
746592831951837624283164759895273416317456298624918375439625187562781943178349562
876312945945687312213945876389726451164538297527194683451269738638471529792853164
879612345456397812213845976385726491164539287927184653591268734638471529742953168
568473921417692385923185647391824576852367194674519832745931268136248759289756413
769382451158964723234175968483596217615427839927813645572638194396741582841259376
985372461671849523234156978563914782149728356728563149397685214416237895852491637
648573921517492386293681745435729618982156437176834259759248163321965874864317592
748563921519472386263981745435729618892156437176834259957248163321695874684317592
826394571479152386513867294951486732738219465642735918185923647364578129297641853
752916348946378512183245679395821467867594123421637985234769851519482736678153294
192836547756491823834257196513962784479183652628745319947618235361529478285374961
364789251879512634125364978982175463713246895546938712291457386438691527657823149
952486173647391582813275946489732615735619428126854397271543869398167254564928731
796283451581947623234165987927518346843726195165394872678432519412659738359871264
982475613564931782713286945637149528458362179129857436395724861276518394841693257
812753694567941832934268157126475389349826571758139246695317428481592763273684915
839451672457629381162783945391847256524936817786215493648572139273198564915364728
295684713748931652163527849682493571931756428457218396324165987516879234879342165
976283451581749623234165789492518376863472195157396842625837914719624538348951267
756812943984376512123945687291564738378291465465738129639127854842659371517483296
957862341841379526263145798738926415619584273425731869394218657182657934576493182
853769421796412583124358967467231859918546732235897146382175694579624318641983275
297846513684351972153972648941263785825497136736518429572684391319725864468139257
752864319468931752913257846291783564835496271647125938379642185184579623526318497
798423651156798234324156879819562743637849125542317986485671392963285417271934568
789423651156987234324156879918762543637549128542318796495671382863295417271834965
798423651156978234324156879915862743637549128842317596479685312563291487281734965
672485913549361782813729645784253169291648357365917824956132478438576291127894536
852467931476391825913825764291673458738542196564189372649238517385716249127954683
978362541651749823234185967749826315863571492125493786596234178382917654417658239
546378921198452736273961845437186259965247183812593467759834612381629574624715398
457683921961452387283917546679835412845261793312794658198576234526348179734129865
912583764765941832834726159471239685253864971689175423126457398398612547547398216
921583674675941832834672159462139785189765423753824961217456398398217546546398217
796283451581469723234175986653714298429358617178692534812546379965837142347921865
876243951951768423234195876693514287528379614147682539712956348465837192389421765
895273641671849523234165978543618297928357416167492835712584369489736152356921784
512763984698541372734928156351874269479632815286195743863419527127356498945287631
782564913549831672163729548358176429921348756674295381497682135816453297235917864
241863957875491362963257148582619473439725681617348529796184235354972816128536794
821463957745891362693257148582619473439725681167348529976184235354972816218536794
987612453564378912213945867751493286498267531326851794872139645145786329639524178
672851934458936712193274658781345269245769381369128547926413875517682493834597126
691274358845931672273856941369742185184365297527189436732418569416597823958623714
291734658645981372873256941369472185184365297527819436732148569416597823958623714
761932548459786312283145976378561294946823751125479683534298167892617435617354829
912584376578361492634279851429713685381625749756948213897132564163457928245896137
497568231586312974123947658319256487764831592852794163978125346245683719631479825
658921734947386512123745896231657948764892351895134267376518429512479683489263175
846752931571398462293614587362875149715469823489231675934587216127946358658123794
678239541491576823253184679982765314536941782714328965349617258165892437827453196
621574983579381642834692157456827391382159764197436825768215439213948576945763218
785962341941357862263814579639241785852796134417583926394675218128439657576128493
842965371957132846613748952539417628186529734274683195491356287768294513325871469
892564713457391862613278945731685294284139576569427381946852137328716459175943628
875362941946718523123945678738591264291674385654823719367189452419256837582437196
257693841619847523384215697943762185176958432528431976892176354431529768765384219
357692841619847523284315697942763185176958432538421976893176254421539768765284319
693728451758146923214395768971684532846253197532971684427539816365817249189462375
327684591861952473945371628519867342473219865682543917136798254798425136254136789
823764951569812743174359286982135467417296538356487192648521379791643825235978614
892574613457361892613298745731985264284136579569427381946852137328719456175643928
982634751567182943134759286813275469426918537759463812698347125241596378375821694
382754961746912583951836247194285736627493158835671492463129875279568314518347629
786932451591784623234156879849327516615849237327561948963275184158493762472618395
648921735957386412123745896231657948764892351895134267376418529412579683589263174
182346957956781423734295186361428579847659231295137864413862795578913642629574318
562893741987416523314725968623581497849367215175942836451238679796154382238679154
698712435574398612123645879819576243342981567756234981487159326235867194961423758
623978154879541623145362798581739462934126587762485319496853271217694835358217946
713295846689471523245368179596187432872934615134652987921543768467829351358716294
869327451457981623123645897945716382316258749782493165238169574574832916691574238
673298451859741623124365879291856347437129586586437192962514738715983264348672915
768912354594836712123745689385491276912657843476328591637189425249573168851264937
517923864986471523324856719841692357692735481753148692135284976469517238278369145
639287541857914623214356798725849136483162957961573284596738412148625379372491865
617925348854631792293748156742163985381592467965874213439256871578319624126487539
317628459865941723924753186653812947748396512192574638481269375539487261276135894
568429713749351862213867549456983271892175634137642958921536487385794126674218395
462387951758691342193524876831745269624938715579162483947216538386459127215873694
196382745845679312273145896359726481418593267627814953931258674764931528582467139
582739641967481523134625978259316784673548192418972365845197236396254817721863459
732956841659841723814273965498532617125467389367189452971628534583714296246395178
682745913457931682913826745738419526594362178126587439365274891279158364841693257
123987645678451923945263718891524367537196482264378159712849536489635271356712894
512873496698541372734269815456928731329714568187356924975182643841637259263495187
512783496679541382834269715426917538395824167187356924958172643741638259263495871
753681294648259371192734586821465739965317842374892165239148657487526913516973428
736498521489152763152637948391765482825341697674829135548913276267584319913276854
648573921915482376273169845894217563327856194561394782739641258452738619186925437
652873941947561832183924675876142359519738264234659187398415726725396418461287593
123789645678451923945362718891524367537196482264873159712948536489635271356217894
376819524951462873248753961794325186183697452625148397469281735517936248832574619
591826743846397512273145698435971286987264351162538479659713824328459167714682935
786923451195748623234156789623895174419372865578614392962481537851237946347569218
467832951851679324293145768175483692934261587628597143312958476586714239749326815
245683719698741352173529648739468125851932467426175983982314576317856294564297831
245683719698741352173529648739468125851932476426175983982314567317856294564297831
947862351561793824283145769392576148875419236416238975134687592659321487728954613
862495713954731682713826945637149528548362179129587436395274861276918354481653297
817926534456783912923145678642531897389274156571869423794652381138497265265318749
721835694698741523345269781532196847917428356864357912183572469456913278279684135
621735498579481632834962751983546127147293586265178349392657814456819273718324965
468971325397528641512634879249813567673495182185267493821756934756349218934182756
321978645986451723745263198537689214819524367264137859693742581472815936158396472
987362541451798326623145897395416278218579463746283915562937184179854632834621759
921573684765841932834269157479658321156327849283914576342186795518792463697435218
368597421957142683214863759573219864126784395849356172495638217781425936632971548
398567421657142983214893756573219864126784395849356172465938217781425639932671548
291387465568941723374562819453179286716825394829436571942713658685294137137658942
982156734546739812713284695479612583325948176168573249691327458837465921254891367
812465793579381642634972158468517239293846517751293864127639485386754921945128376
549826731861357942273914568987263154315489627426571893638145279154792386792638415
957284613486931572123765948239578164815346297674192385542617839791823456368459721
852694317946731582173285649439876251721459863568123974694512738385947126217368495
872694315946531782153287649439876251721459863568123974695712438387945126214368597
852964317946371582173825649439786251721459863568213974695142738384597126217638495
892643157476851932513297648349128576261579483785436219958764321134982765627315894
682935741549871623173624958721489365894356217365712894957163482418297536236548179
821764953594831762673529841946273518318956427752148639237685194185492376469317285
921875463645931872783642951457283619319467528862159734238796145196524387574318296
987362451451879623263145789849726315315984276726531948634258197178493562592617834
978632541541987326263145879359826714716493285824751963635274198187569432492318657
967312845548679312213845769751493286389526471426187953192758634674931528835264197
672485913549361782813729645784253169291648537365917824956132478438576291127894356
617523984458971362923846751346189275891752643275364819569218437734695128182437596
132879645769541823845236971583167492694382517271954368418623759326795184957418236
128547639569831472734692851413926785987154326256378194391485267675213948842769513
829543671741682935653197284367428159495361728218759346934215867176834592582976413
258763914746591382193842756537284691864179523921635478672358149415926837389417265
642589713958371642713642859831496275294715368567238194375864921489127536126953487
581623479497851362623749851752164983936285147148937625869512734375498216214376598
829743651751698423364125798497386512512974386638251947243517869175869234986432175
427985613869431572513762948358176429942358761176294385635827194784519236291643857
497365281856912374123847659319286547764531892582794163975128436248673915631459728
913482675786591423245763819821645397569378142437129568692854731178236954354917286
613982475978541623245763819821695347564378192739124568492856731186237954357419286
913482756678591423245763819821945367564378192739126548492857631186234975357619284
497568321586312974123947658319256847764831592852794163978125436245683719631479285
457369821896512374123847659315286947764931582982754163579128436248693715631475298
613982754987541623245763819821695347564378192739124568472856931158239476396417285
781293654459768312623145987942831765137526498568479123376982541814657239295314876
693528741578491623214736859921845367436279518857613294789162435365984172142357986
642357981759681432183294675821943756596872314374516298437125869218769543965438127
352986741968471523174235896421859637587623419639714285843597162716342958295168374
682719345945863712173245698326597481759184236418632957291378564564921873837456129
658732941147689523293145867931826475576413298824597136369251784785964312412378659
142793865857641932693285147934827651215436798768519324476958213329174586581362479
381645792475829361692173548516987234729354186843216957934762815268591473157438629
963247851758691423124385697842176539617953284539428176291534768386712945475869312
613982745987451623245763819821649357564378192739125468472896531158234976396517284
613982745978451623245763819821694357459378162736125498597846231184239576362517984
865721943794368512123945678589174236431296857672583491917852364348619725256437189
891362754456897312723145689642781935539624178187953426974238561368519247215476893
936751284847296531152834697578912346419563872263487159325179468694328715781645923
846791523937256481152834697578912346419563872263487159325149768694378215781625934
836791254947256831152834967578912346419563782263487519325149678694378125781625493
352867941768941523194235867931576482847392615625418739583724196419653278276189354
731928546658471923924356178543289761197635482862147395475812639219763854386594217
256983741798416523314275689963752418185364297472198365549827136631549872827631954
356982741798416523214375689962753418185264397473198265549827136631549872827631954
245863719678491352193257846367984521851672493429135687782349165514726938936518274
245783619768941352193256847374892561851674293629135784482369175516427938937518426
245683719678941352193527846367894521851362497429715683782439165514276938936158274
245873619768941352193526847379482561851369724624715983982634175437158296516297438
245783619768491352193256847379842561851369724624175983982634175437518296516927438
976812435584367912123945678461578293892631547735429861247186359358794126619253784
697812534384759612512634987759468123863271495241593768928147356175386249436925871
275638491649712583381945726793251864812496357456387912568173249134829675927564138
759826431843517926261934785184693572936275148572481693695348217327169854418752369
692538741457169823183274695349817562561392478728456139916725384875943216234681957
456927831197638425283145796642873519319564287875291643934752168728316954561489372
382746591567981423194235768759314682816592347243678159421867935978453216635129874
123987645698541723745362918956824371837156492214793856461278539582439167379615284
123857946786941523945362718698524371537186492214793685461275839852439167379618254
789425163546381972123967845357198624491236758268754391912643587635872419874519236
159823476864571392273946158947238561518469723326157984631792845785614239492385617
941825367576931482823647159682193745734582691195764823458319276367258914219476538
968342751157698423234715869872531694349867215615429378593286147421973586786154932
365217984749658321182934576591486732824573169673192458938761245417825693256349817
258963741647581923391724856769235418812497365534618279125349687473856192986172534
241586973957341682863972145638724591125839764479165238792418356514693827386257419
742689531568731924193524876874165392315892647629473185937216458251948763486357219
731248695968751423245369718894123567126587934357694182579812346612435879483976251
132789645876541923945236718513678492489125376267394851694812537351467289728953164
953726841768491523124835976376914285419582637582367419295178364847653192631249758
912783654876451923345962871137849562468527139259316748581274396623195487794638215
978312645456789312123645879289153764764928531531467298345896127692571483817234956
946572381753918462218634975194756238367821549582493716831249657425167893679385124
846572391753819462219634578184756239367921845592483716931245687428167953675398124
512783496679541382834269715426917538395824167781356924958172643147638259263495871
296871345745693812183245796357918624418526937629734158832157469964382571571469283
986273451571849623324165897192436785768591342435728169253614978849357216617982534
986273451571498623324165879192836745768541392435729168253614987849357216617982534
263758941875491623914326758742189536586273419139564287691845372357612894428937165
365729841789461523124835679492516738576283194813974256247198365651342987938657412
953672841876941523124385679392416758715829364648753192261534987489167235537298416
923687451786451923145392687817925364594736812362814579431268795278549136659173248
675921834943587612281634597819475326564293178327168945196752483758349261432816759
675921834493587612821634597189475326564293178237168945916752483758349261342816759
892316745546897312173245698937562481418973256625184937761459823359628174284731569
261587943495631782873942156652194837748253619319768524537829461126475398984316275
251987463649531782873642159562194837798253614314768925937826541126475398485319276
892316745546897312173245689938572461417963258625184937761459823359628174284731596
769821534834657912251934786583476291942518673617293845195742368426389157378165429
579263841168749523324185769852491637943672185716538294695814372237956418481327956
748921365569387412213645879952814637437596128186732954324179586875463291691258743
986527314745831962213649857531984726879265431624173598362758149498312675157496283
482596731956371824173824659249715386365248197718963245697432518534187962821659473
641257983397684521852913746486791235213546879579832614924375168735168492168429357
648752931951836472273194685892563147314279568567418293435627819726981354189345726
658732941941856372273194685892463157315279468467518293534627819726981534189345726
561372849487956312923814657639241785852763491174589263796128534218435976345697128
231987645679451823845263197587692314912534768364178952726849531498315276153726489
476392851951768423283145697165974382849231576327586149712453968598617234634829715
912573684765841932834269157459716328186325749273984516347652891528197463691438275
253697841678412935194358276582731694439526187716984523965243718847169352321875469
812397456679541823345268197923156784451782369768439512137925648596874231284613975
897312654645789312213645897371526489958134276426897135169253748784961523532478961
582769341947318625163245879298657413316492758754183296675934182821576934439821567
275864319648391752193257846482679531956138274731425968369742185827516493514983627
973862541856147923214395786392451678487236195165789234641928357528673419739514862
246973518759841362183625947961238754432759186875416239594382671328167495617594823
246973518759841362183625947961238754432759681875416239594382176328167495617594823
768354921945162387213798645157943862429687153386521479631875294874219536592436718
931824756876591423245367189452739861683412597197658234564183972728946315319275648
867321945495768312123945687932174856518236479746589123671453298289617534354892761
387496251951872634264351798176928543492635187538147962823769415615284379749513826
642375891917482536583961274796153428321648759458297613134726985879534162265819347
452893761968571342173426895891764253724358916635219478346187529289645137517932684
852497613649351782173286945398564271421738596567129834735842169286913457914675328
873296541695841723124375869768412935451963278239758416946537182387129654512684397
721548693865931472934267158489156327672893541153724869516372984397485216248619735
572984316648731952913256847769842135231569478854317269395478621486125793127693584
382754961746912583591836247914285736627493158835671492463129875158347629279568314
123974865796851423845362971481625397539187642267493158612748539374519286958236714
362987145897451623145362879453618297671294358928735416786149532519823764234576981
672538941849671352153294687721945836596382714384716295438127569215869473967453128
678532491541879632293164857782695143936421785415783926364957218127348569859216374
852697341496318527173524896987451263231986475564273189349865712618732954725149638
592738641647591328183624957918465273235917486476283519354176892769852134821349765
867923451951478623324156978546812397138794562792365184673249815415687239289531746
768923451591784623324156897142678539983541276675239184217365948856497312439812765
769823451815479623324156978692314785438795162571682349953267814286941537147538296
512694873687351492934872156291538764348267915765419238459786321876123549123945687
697821345584673912213945768371584296429167853865392471936718524148259637752436189
487612395569387412213945786934128657625794831871536249358261974742859163196473528
712548963865931472934267158489156327627893541153724896591372684376485219248619735
371546982486927351592183647615879234829314765743265198934752816258691473167438529
132987654769451823845263197458329716913746582276815349527698431691534278384172965
768921543495386712213745698952473186671598324834162957187239465329654871546817239
378921456956847123124356978462739815513684792789215364247163589895472631631598247
796832451581794623234156879948327516615948237327561948863275194159483762472619385
256893741798146523314725689963572418185364297472918365549287136631459872827631954
398762541675148923214395867543681279186927435729453186851236794967814352432579618
938574261715962843624138957279485316856713492341296785593647128467821539182359674
632897451895412763174356289469185327327649518581723946748531692916274835253968174
925674813846931752713528649389245176254167938671893425497382561138756294562419387
694728351587931624123645879958216437312874965476593182235189746749362518861457293
825694713469731852713258649398425176254167938671983425987342561136579284542816397
825694713469731852713258649398425167254167938671983425982346571136579284547812396
825674913496831752713259648389425167254167839671983425967342581138596274542718396
825694713496731852713258946389425167254167398671983425967342581148576239532819674
825694713496731852713258946389425167254167389671983425967842531138576294542319678
825694713496731852713258649389425176254167398671983425967842531138579264542316987
123758649768491523945362817539186472816274395274935186691547238457823961382619754
962758314857341962134629758371594826529867431648213579493172685715486293286935147
456729831971386524823145796587613249319472658264598173192854367735961482648237915
798425163546391872123867945357189624481236759269754318812643597635972481974518236
891625734645378912723914568952746381478153296136892457319287645264531879587469123
687921534495367812213845769932476158856132497174598326761283945329754681548619273
795682431461397852283145796958214367374569128126873945842736519619458273537921684
769382451451967832283145796598214367374659128126873945842736519615498273937521684
591682734846537912273914865769248351438156297125379648657423189312895476984761523
876532941541679823293184657962748315418356279735921468359267184124895736687413592
469582371581673492273194856734925168892361745615847923348756219126439587957218634
489652371561783492273914856734295168892361745615847923348576219126439587957128634
382967541756148923194235678941786235863512794527493816418629357235874169679351482
986745321547312986123698745478256193352179864691834572269581437714923658835467219
278934561695172483134856297581267349346519728729483615813645972452798136967321854
491528763587361942623947158732184596965732814148695327354816279816279435279453681
741285963596371842823964157362749581489152736157638429935816274274593618618427395
856392741741568923293714658164987532389251476527436189912845367438679215675123894
932487561758961423614325978893174652467852139125639847549213786281746395376598214
123987654679451823845362791498215367736849512251673948562734189917528436384196275
623897154879451623145362798491285367736149582258673941562734819917528436384916275
967823451158497623234156798872614935495372816613589247549761382386245179721938564
582739461947861352613245978291586743374912685865374219439157826126498537758623194
298546713467831952153279846849613275712954638635728194581367429376492581924185367
742651938586937412913824675637589124459216783128473596271345869394168257865792341
862397541754816923193245876931652487625478319478139265546783192387921654219564738
762384951958761423314295786487512369693847512125639847549123678831476295276958134
782936451956471823314258769248715396671349582539862147123594678497683215865127934
921573684765841932834269157479685321156327849283914576342156798518792463697438215
549871263837269451162534978926315847415687329378492615253148796691723584784956132
982765314576431892134829657369254781721986435845173269493612578617548923258397146
965372481871694523234185967453826719618957234729431856342519678197268345586743192
965372481871649523234185967453826719618957234729431856392514678147268395586793142
682754931149362785753198264837921456294635817561487329316249578475813692928576143
582793164469851732713246985897412653145638297236579418658127349371984526924365871
592783164467951832813246975789412653145638297236579418658127349371894526924365781
582793164467851932913246875298417653145638729736529418659182347321974586874365291
672953814459861372813247596798412653145638927236579148587126439361794285924385761
247561893658397412193824765982713546514986237736245189469152378875439621321678954
792158634458376912163294875379685421846712593521439768634527189285961347917843256
276591843548376912193824675782615394319487256654239187937152468865943721421768539
256781943849536712173924658792615384518493276634278195387152469965347821421869537
598327641746981523123645789359816472267594138814273965672139854985462317431758296
987243651615978423234165879541836792869721345372594168753619284428357916196482537
876243951915867423234195768581734692749621385362589147653918274427356819198472536
732498651859761423614235978943126785567983142128547369485619237271354896396872514
876912345945683712213745869351479286428136957697528431189254673764391528532867194
246958371758631942193274865972163458364582719815749236539426187681397524427815693
796821354485397612123645789947582163538169247261734895319258476674913528852476931
123978645679451823845362971581624397736519482294783156962147538417835269358296714
176829345954673812283145697391568274527394186648712539839257461465931728712486953
517892634648537912293164587981246375325971468764385291472619853859723146136458729
935861724846792351172534869798613245253489617614257983329148576467925138581376492
786329451591847623324156879412783965957461382863295147638972514175634298249518736
789612435654379812213845769841563297596724381372198654437981526928456173165237948
789612534645379812213845769491563287856724391372198645537981426928456173164237958
957246813684731952213859746362187594498365271175924368521493687739618425846572139
789162354546938712213745698395827461461593827827614935138279546654381279972456183
865921734974386512213745698352497186691538427487162953148279365536814279729653841
875329461691748523324156798912635847436872915758914236543281679189467352267593184
682375941549681723371294685963418257254763198817952436496537812738129564125846379
968312745547698312123745896289571634435269187716834259651487923392156478874923561
526938471978412653314756982495273168187569234632184597769821345253647819841395726
769832451851479623234156879498327516617945238325618947973264185146583792582791364
569382471841765392273914685792843156418657923635291748356478219124539867987126534
512983764769451382834267915498612537351794628276835491625179843187346259943528176
687293541951648723234175869468531297512967438379482615895326174723814956146759382
583972461697481523214356789831569247926147835745823196459738612168295374372614958
875923461691847523234156978413698257926375814758412396547281639169534782382769145
768912354594367812213845697376594128982173465145628739821439576439756281657281943
782951643456837912193264758841792365325486179679315824534178296967523481218649537
482671953567398412913245786298716345354982167176534829649123578721859634835467291
692371854457698312813245796321457689589163247764982531938716425175824963246539178
132978654687451923945263817793146582418725396256389741561834279829617435374592168
837921465695847123214356798971682534428135679356479812549713286162598347783264951
362879451758461923194235786981657234426983517573124698845396172637512849219748365
876243951951768423234195876512486397749531268683972514465819732198327645327654189
247961835956387412183245796862714359419538267735629148398152674674893521521476983
392687541756941823184235697879362415421579368635814972963728154218456739547193286
623498571758612493194735682981256347436971258275384916547823169319567824862149735
296835417548971362173642958739426185465187239821593746982354671317268594654719823
861927453754386912293145867639574281547812396128693745412758639976431528385269174
971524386568391742234678195429815673615739824387462519846257931152983467793146258
712356984569481732834297156497813265681572349253964817378649521126735498945128673
542673981967581342183249756879426135234158679615937428721894563356712894498365217
879243651651798423324156987962817534518439762437625198295374816146982375783561249
248967531657813924193245876761594382839721465425386719916478253384152697572639148
748652391651839724293174865364921587872563419519748236937215648125486973486397152
867932541541678923293145768958726314314589276726413859639254187472891635185367492
967823541851467923324915786578234619249176835613598274496382157185749362732651498
152398467869741523374562189623985741741623958598174236436219875217856394985437612
462579831875312694913846257389251476724698513651734928596187342148923765237465189
921354768875961342634827951492513876356278194718649523549132687187496235263785419
851692734647385912293714856579248361438156279126973548765429183312867495984531627
659821743843576912172934658987465321431289567526713894794158236265347189318692475
826975413579341862134826759485137926391264578267598341912453687753682194648719235
659821743843576912172934685987465321431289567526713894794158236268347159315692478
596732481841695723273184659962847315418356297735921864357269148124578936689413572
263789451758461923194235876972514638435678192816923745347156289689342517521897364
263789451758461923194235876972514638435678192816923745341857269689342517527196384
268793451751486923394215876972534618415678392836921745143857269689142537527369184
297683451651479823384215769862934517415867392739521648143796285578142936926358174
781932546956487123234165789893274615417596238625813974149628357368751492572349861
597823641861497523324615789978236415245178936613954278459382167186749352732561894
967823541851467923324915786578236419249178635613594278496382157185749362732651894
532968741689741523714235896497583612821679435356412978963824157148357269275196384
862347951579861423134295768495173682327658194618429375983516247256734819741982536
679832451185497623324156879952764138438519762761283594893671245546928317217345986
792581463458637912613924857271493586534876291986215734847169325125348679369752148
678291345549738612123645897932816574415973268786452931357129486894567123261384759
789362451561748923234195786348526179915437862627981534196853247452679318873214695
521394678679581432834726951952678143483159267167432589398245716715963824246817395
279618354854793612163245978731584296596327481482169735647831529328956147915472863
892316754546897312173245689358921467467538291921674835734189526215763948689452173
921853674785641932634279851348925716592167348176438295417386529263594187859712463
263798451859146723174325698748953216912687534536412987691534872387269145425871369
639812574548697312271534968492368157715429836863175249387241695154986723926753481
645817392837259641192634758971385426326741589458926137213568974569472813784193265
789362541564719823213845976358921467926574138471683259135297684647158392892436715
246581937589736412173924685892615374317498256654273198438152769965347821721869543
246581937589376412173924685892615374317498256654237198438152769965743821721869543
532978641879641523614235987983126754467853192125497368748519236251364879396782415
867921354945638712123745896438592671659173248271864935316259487784316529592487163
697245813458931672213786945536178429849352167172694358364827591785419236921563784
913872645867541923245396817658927431192483756374165298529638174781254369436719582
913872654786541923245396187658927431192483765374615298529134876467258319831769542
857236941946581723123794658284613579315927486679845312791468235532179864468352197
382697541569481723174325986491852637826973415735164298953216874618749352247538169
796245813854631972213879645538762194941358267672914358187493526369527481425186739
612839754978451623345267189589723416231684975764915238827596341493178562156342897
869273541751649823324185976198436752637528194542791368485367219273914685916852437
867592431419368527523174968631947285948251376275683194354726819792815643186439752
861592743457836912923714685192347568384965127675128439746253891218479356539681274
857923461964718523132645987519386742783294156246571398625139874398467215471852639
462893517785461392913257648571926834839745261246138759394672185628519473157384926
572894613486371592913265748641927835839456271257138469395742186728619354164583927
894623571516798423237145896958316742673284159142579368725931684389467215461852937
521974863968351472734862159342187596815639724697425381459716238286543917173298645
521973864968451372734862159493127586815649723672385491359716248286534917147298635
984372651571869423623145798319654872248917365756238149162793584835426917497581236
984327651571896423623145798319654872248971365756283149162739584835462917497518236
862371954457869312913245786321457698596183247784692531639718425175924863248536179
768923451951478623324156978487612539512349786639785214293561847175894362846237195
512367984789451362634928157451792836296835471873146529348679215127584693965213748
392687541756941823184235697871392465429576318635814972963728154218459736547163289
682794153497531862513268749149385627365927481278146935936872514821459376754613298
587923416469581372213647958638275149942138765175496283354762891726819534891354627
821439765679581423345762189754328691186947352293615847418253976537896214962174538
684923751915867423237145698728396514593471286146582379479238165352619847861754932
123798546697541823845362179569214387738659412214873965452987631971436258386125794
852963741619847523374215986746529318985136472231478695468391257127654839593782164
654927381931586472278134965793615248416872539582349617847293156169458723325761894
654827391831596472279134568783615249416972835592348617947253186165489723328761954
921734865687591423345862197854329671196478352273615948519243786738956214462187539
893672541675941823124385679352416798716829354948753162261534987489167235537298416
693827451758941623214635879829174536547263198136598247462319785381752964975486312
912756834568341792734829156487913265691572348253684917379468521145297683826135479
123978654876451923945362781469285317738196542251743869592834176617529438384617295
769312845845697312213845796321584679594761283678923451436179528187256934952438167
273896541896541723154237896385629174419378265627415389962753418548162937731984652
981625734465738912273914568592476381748153296316892457637541829129387645854269173
467832951851976324293145768175483692934261587628597143312658479589714236746329815
281695734465738912973214568592476381748153296316829457637541829129387645854962173
285974316964531872173628945752813469816492753439756281591247638348169527627385194
487925316659381472213647958968273145342158769175496283534762891726819534891534627
856392741479516823213784695948125367365947218127863954691438572534279186782651439
678921435549387612123645879982136547317854296456792381735469128861273954294518763
721845963596371842834269157479156238285937416613428579162583794358794621947612385
521948673867351942934672158495186237286735419713429586172593864359864721648217395
792861534864537912153294768435672189289315476617948253941786325328159647576423891
592864173846371592173925648985637214731542869264198357657289431418753926329416785
123879654768451923945362871537186492691724385284593167812947536479635218356218749
132957846769841523845263719476325198913478652258196374691534287527689431384712965
921438675687591423345762981138645297794123568256879134472356819519287346863914752
896354721471692385253187946762845193538916274914273568187439652325768419649521837
897612453654378912213945867471293586538467291926851734782139645145786329369524178
637829451895741623214356798346917582971285346582463179423178965168594237759632814
759812436864379512213645987537486291491257368628931754972163845145798623386524179
891526374547391682263874951638159247129467835475238196952713468786942513314685729
962783451851964723374125968745831692293647185618259374489516237126378549537492816
856923741741586923392174658964731582273865194518249376689417235127358469435692817
846572391751963824293814765987136542314725689625489137539641278168297453472358916
312879645869451723745362189584723961976518234231694857493186572627935418158247396
496275831371846952285193647729564183153928764864317295518739426637482519942651378
759426813864391572123587946981762354432158697675943281547239168318675429296814735
952473618784561392163928457839245761421637985576819243647152839395784126218396574
276831954948756312153924768781492536592163847364587291437215689619378425825649173
253849761986712453174356289395671842418295376627438195549127638762983514831564927
921437865678591423345826197459312678783649251216758934592183746837964512164275389
852497631467132985913658274324981567198765423576243819749816352285374196631529748
897345621541682937263719845672954183354861279918273564136527498489136752725498316
765832941891467523324915768478326195952174836136589274287653419619248357543791682
875932641691487523324615789748326195952174836136859274267593418419268357583741962
712653984958471632634289157367945218845162379291738546523894761479316825186527493
271384596945671382863259741438927165592168473617435928359846217784512639126793854
271384956945671382863259741438927165592168473617435298329846517784512639156793824
573982641896417523214356987687125439429873165351694278945238716132769854768541392
936751284847296531152834697578912346419563872263487159325179468694328715781645923
578463921491852367263719845784231596912675483356948172645187239839526714127394658
785923461691478523324156798536892174917364852842715639469287315153649287278531946
768354921495712386123869745384195267912637458657428193541276839276983514839541672
782943615469751382153826947298674153314295876576318429941532768835467291627189534
358624179467981352921537486139842567674359821285176934842793615713465298596218743
465792381971583624823164759398415276516827493742936815687351942259648137134279568
957236841641857923283194675762381459394562718518749236839425167126973584475618392
257368941968741523134295786391872465672534819845619237583127694719486352426953178
296317854745968312813245697957126483321489576468753921132894765679531248584672139
957436821841752693263189745438297516792561438615348972189673254374825169526914387
364789251978512634125364978582176493713945862649238715291457386436891527857623149
324897651679512834185364297592178463713645982846923715251489376468731529937256148
267593841941687523583124796794356182126849357358271964815762439639415278472938615
926384751475192386813657942347218695592463178681579234134725869769841523258936417
912387654876541923345269178463925817759418362128673495631852749594736281287194536
721564983598371642634982157452819376986237514317456829145793268263148795879625431
472593186689741532513286947347925861891674325256318794725869413168437259934152678
472953186689741532513286947347125869895674321126398754751862493234519678968437215
172835964896471523345269187684927315913584672257613849461352798528796431739148256
351928746869471523274653981983247615617835294425196378192364857746582139538719462
912457683568931472734628159349576218825194736176382594481769325257843961693215847
912457683568931472734682159349576218825194736176328594481769325257843961693215847
912457683568931472734268159349576821125894736876312594481729365257643918693185247
912457683568931472734268159349576218125894736876312594481729365257683941693145827
912375684568941732734268159349756821827193546156482973481529367295637418673814295
912375684568941732734268159349756218127893546856412973481529367275634891693187425
912457863568931472734682159349576218825194736176328594481769325293815647657243981
912457863568931472734628159349576281125894736876312594481769325293185647657243918
912375864568941732734628159349756281827193546156482973481569327273814695695237418
912375864568941732734682159349756281827193546156428973481569327273814695695237418
792863541651497823384215796513974682867152439429638157948726315136549278275381964
762893451951647823384215796513974682847162539629538147498726315136459278275381964
675382491841976352293154768952847136418563927736291845369715284124638579587429613
681952347945736812273184695436897251597213486128465739712349568369528174854671923
951728634748396512263145879132984756684571293579263148497612385316859427825437961
752893146468751932193246857549187623876329415321465798937612584285974361614538279
786921543534867912291534687148652379357498261629713854815249736963175428472386195
786921543534867912291534678148652397357489261629713854915248736863175429472396185
726954813459381762813267549631829457982475631547136928398542176164793285275618394
283764951756912843194358276845129367327685419619473528962841735431597682578236194
952837641746591832183264795897142356315689427624375189461923578539718264278456913
579283461168974523324156897953417682416832975782695134241369758897521346635748219
875629431649371852123845967438216579512798643967453128351962784294587316786134295
398724651671589234425316879569247183132895467847631925284173596953468712716952348
973824651168597234425316987782945163631278495549631728294183576357469812816752349
687321954495687312123945876851463729762198543934752168579236481316874295248519637
362978451758641923194235867983752146527416398641893572416587239235169784879324615
192875643745936812683124597874693251316582974529417386451369728268751439937248165
679832451158479623324156879493617582712583964586294137241365798867921345935748216
123897645769451823845263971531726498678349512294185367982514736417638259356972184
867293451951648723324175698782951346643782519519436872438519267176824935295367184
785923461916874523324156798531692874697348152842715639469287315153469287278531946
796812345854397612213645798529438176467129853381576429938754261642981537175263984
658792431147386925293145768382614597419537286576928143961253874724861359835479612
596823741178469523324715689682971354439582176751346892947638215265197438813254967
312987546679541823845263197923154768481672359567839412798425631134796285256318974
312798546687541923945263178523184769491672385768935412859427631134856297276319854
792681345456397812183245769561872934348916527927453186835764291274139658619528473
976321845548769312213845967781534296392617458654982731169478523427153689835296174
182739465657481923394562178571923846463875291928146537836214759219657384745398612
893672541516948723724135986978213465162457839345896217481769352237581694659324178
942675381657381492183249576538126749291754638476893215869432157325917864714568923
285476913746391852193852647461927385832564791957138426524683179319745268678219534
896527413457381962123964758571248396932675841648139527265793184314852679789416235
896527413457381962123964758571248396932675841648139527265793184314856279789412635
231987654689451723745263189824135976917648235356729418572396841493812567168574392
963782451758641923214395687872953146641827539539416872197534268385269714426178395
859723461617849523324156789293568174175492638486317295942631857568974312731285946
294867351857913624163245798481576239632194875975328416526439187349781562718652943
897312645645789312213645897921564783736928451458137269582493176369871524174256938
982375461456891372713642958374158629569427183128963745691284537235716894847539216
867435921154892637293716845942381576318567294675249183526973418439158762781624359
867435921154892637293716845942381576318567294675249183521973468439658712786124359
687435921514892637923176845492381576138567294765249183349658712276914358851723469
273856941865491723194732586781924365356187492429563178648375219512649837937218654
967832451581794623324156897748621539215349786639587214173265948892473165456918372
562971834748635912193824765871492356635187429429356187957213648214768593386549271
689723451514986237732145698295671843146538972378294516853467129427819365961352784
893571264467289351512634978971453682238916745645728193359147826126895437784362519
873591264469287351512634978791453682238916745645728193357149826126875439984362517
698237541751894623324156879862913457479625318135478296287349165946581732513762984
651289734847356912293174658386945127912837465475621893739518246128463579564792381
856392741947816523213574698791265384325489176468137259539628417682741935174953862
617329854495786312283145679372518496561294738948673125139862547726451983854937261
596817234843265971172934568785149326234658719619372485427581693351796842968423157
493782561768951234125346978831679452957423816642518397289137645516294783374865129
641923875587641392293578614762894153439165728158237469816459237325786941974312586
976812345584637912213945768741583296398726451625194873132459687869371524457268139
853627941679481523124395867962148735517239684348756219291564378735812496486973152
632874591587961423914235876753182649469357182128649357895716234246593718371428965
741295863956831472823647159485973216369512748217486395532764981194358627678129534
867312954945678312213945768356829471189437526724156893491563287532781649678294135
387216594469587321512934876291475683734698152658123947826751439173849265945362718
967328451458971623123645879374856192892137546615492738741283965289564317536719284
792863541865417923314925786127386459438159267659742318283571694946238175571694832
192875643845396712673214598784963251316752984529148376938427165267581439451639827
657832941148679523293154687461983752389725416572416839935268174724591368816347295
598761423437925681162834759249618375816573942753492168625149837984357216371286594
391728456756491823284356197468972531579613248123845769612589374945137682837264915
263978451957641823184253796391864572425317689876529314732495168549186237618732945
751923864469581732283746159638472591527619483194358276942865317375194628816237945
873269541546781923192345687957812436214536879638497152429178365365924718781653294
187623945645897312293145768359762481416589237728314659931256874874931526562478193
871295634456738912923164785398672541264581379715349826537416298182957463649823157
698237541751894623324156879862913457479625318135478296283749165946581732517362984
856372941941856723273914658364291587792685314518437269687129435125743896439568172
526873914987451362134269857392687541715342689648915273261594738459738126873126495
491368572586297341723145968235816794867924153149573826354782619618459237972631485
972843651158679423364215897723568149846192735519437286695724318437981562281356974
972843651158679423364215897723968145846152739519437286695724318437581962281396574
582763941167849523394215786823657419745192638619438275958324167436971852271586394
492763581576891342813245679681924753349157826257638194764389215125476938938512467
897612345645783912213945867921468753736529481458137296582396174364871529179254638
256974318748631592193285746361892475879456123524317869932748651485169237617523984
942875361856391472713642958374158629569427183128963745691284537235716894487539216
278913546956478123314256987461789235539624718782135469823547691197362854645891372
768934251591762834324851976943217568287596143615483729172349685459628317836175492
912475683568931742734268159493756821825194376176382594381529467257643918649817235
912475683568931742734268159493756218125894376876312594381529467259647831647183925
796321845548967312123845769317594286982613457654782931261439578479158623835276194
832749165697851423145263987928176534471538296356924718569482371713695842284317659
912475863568931742734628159493756281127894536856312974381569427275143698649287315
912475683568931742734268159493756821827194536156382974381529467245617398679843215
912475683568931742734628159493756218827194536156382974381569427249817365675243891
912475683568931742734268159493756821127894536856312974381529467249687315675143298
912475863568931742734628159493756281825194376176382594381569427249817635657243918
912475863568931742734628159493756281827194536156382974381569427279843615645217398
187432956956781423234956871463127589571698234829345167318269745745813692692574318
952738641478961523163524897897145362316892754245673189621487935539216478784359216
268317954754869312193245876349756128572981643816423597637194285985672431421538769
978423561516897423324156798831672945697345182452918637765284319183769254249531876
268317945754869312193245876342756189576981234819432657637124598985673421421598763
416398572598267341723145968235816794867924153149573826354782619681459237972631485
192738654876541923345962817653127489417689235289354176531296748924875361768413592
293687541568491723174235968982316475416758239735924816351842697649573182827169354
568374921174592386923861745489123657231657498756489213892716534317945862645238179
263789451758641923194325786481276539529813674637954218942538167376192845815467392
912475863568931742734682159493756218827194536156328974381569427275843691649217385
912475683568931742734682159493756218827194536156328974381569427249817365675243891
912475863568931742734682159493756281825194376176328594381569427249817635657243918
912475863568931742734682159493756281827194536156328974381569427279843615645217398
782693541951487623364215798813976452647152839529834167496728315138549276275361984
458693721961472385273185946749836512586721439312954678195348267624517893837269154
497635821156482937283719645548926713672351498931874256329168574764593182815247369
859612734346857912172934586561478329498123675723569841917346258285791463634285197
952387641648591372173624859795213468314876295826945713261758934439162587587439126
512946873687351942934278156458732691371469285296185437729514368163897524845623719
782563914546891372913247856159432687278916435634758129397685241421379568865124793
912675483547381692683249751364728915158936247279514368435197826791862534826453179
987216543436859721512734698175498236829563417364127985741682359698345172253971864
759638241864912573132745986397286154216594738485371692623859417571463829948127365
689312745574968312123745689367594128918623457245871963792156834436287591851439276
789432561561879423324156879846215937215793684973648215192384756657921348438567192
783492651569718423214356789392147865147685932658923147475269318831574296926831574
187652943634987512295134678479825361356741289812396754548273196763419825921568437
768312945954687312213945786891526437527834691436791528642173859379258164185469273
159328467867941523324756918648532791935174682271869345413295876786413259592687134
123978645867451923945236718591642387638719452274385169712894536489563271356127894
978362541561794823324185796742951638853627419619438257295816374187543962436279185
756238941491576823823194576972465318364981752185327694648719235539642187217853469
623785941987641523514293768869452317345817692172936854436179285791528436258364179
691824357475391682823756941952187436738642195164539728386475219247918563519263874
512768943697431582834295761723586419489173625156942837345827196961354278278619354
896327541751849623324156987512763498437598216968412735643971852179285364285634179
451623879678951342293847156539184627162795438784362591946238715327516984815479263
976821543845396712213745896182567934739482651564139278691274385357618429428953167
471862935568397412293145867637481259859273146124659378942716583386524791715938624
953872461768941523214356897489125736537689214126437985871264359395718642642593178
972465831568312497134978265347681529291753648856249713615834972489127356723596184
821756943579431862634982157468297531152368794793145628917623485386574219245819376
752638491849571362163294587671942835925386174384715926438127659597463218216859743
379821564856749123124356978462917385587634291913285647248163759691578432735492816
698571243437926581152834769871492356249653817563718924725169438314287695986345172
751682943648379512293145867982564731316927485574831629437258196165493278829716354
492587631857136924613294758184673592375912846269845173531469287728351469946728315
958632741147958623263174598491285376376491852825367419539726184684519237712843965
936871524547926381182534679893715246265349718714268953429153867371682495658497132
769832451541796823382145796958673214214589637673214985197368542826451379435927168
859732461167849523324156789638295147975418236412673895546387912783921654291564378
893476521675812493214953768589137642137264859426589137961725384752348916348691275
397821546856479123124356798462917385589634271713285469248163957635792814971548632
978432651615798423234156789753281946496375218182649537527863194861924375349517862
217389465856741923394562718461937582528416379739258146142693857975824631683175294
198324756756891423234567891469218537573946218821753964947632185385179642612485379
791324865856791423324568719468219537517836294239457186173642958985173642642985371
523786941697412583814953627761839254485261379239574816172395468346128795958647132
485716293376259481912834567631427859248195736597368142759641328163582974824973615
562389471948571362713624985831492756254867139679153824397215648485936217126748593
652389471948671352713524986861492735234857169579163824397216548486935217125748693
852396471649871352713524896981462735234957168576183924367218549498635217125749683
897362541451798362263514987972851436316947825584236179735689214129473658648125793
246591837958376412173824659539468271861732594724159368492615783385947126617283945
967283451851649723324175986293857614518436297746921538682394175479518362135762849
198324756756891423324567891469218537573946218281753964947632185835179642612485379
658273941491568723732914856984125637516437289327689415175892364249356178863741592
781324965956781423234569178463278519578196234129453786397642851815937642642815397
791234856856791423324568791468319572517826349239457168172643985985172634643985217
981324756756891423324567198463218579578946231219753864147632985835179642692485317
718324965956781423324569178469278531573916284281453796137642859895137642642895317
271694583845371962693528147439815276167239458528467391986142735314756829752983614
521467983798531462634892157459173826286945731173628594917386245342759618865214379
876912345945378612123645879351429768289167453467583291694831527718256934532794186
975623841186497523324815976291356487638274159547981362462539718753168294819742635
542768931867931425193245768981524376325617894476389152258493617734156289619872543
856127934493856712721934685962483571178295346534761829319572468287649153645318297
267918354594367812813245796671524938382196475945873261439681527128759643756432189
378921654956874123124356798462739815519248376783615942247163589835497261691582437
294785316756931482183246957435827691867319524921654738678592143319478265542163879
978432561651879423234156798582917634716243985349685217195364872827591346463728159
826435791579182643134679258468257139293816574751943826917328465382564917645791382
852761943649538712173294865798412356531876429426359187965183274217945638384627591
286754319745931862193268547461329758839475621527186934952843176378612495614597283
286754319745931862193268547461329758839475126527186934952843671378612495614597283
654712938738965412291834675982351746316487259475629381549176823163248597827593164
247983516859461372163275948912746835538129467674538291781354629325697184496812753
358719264467258391912634587245961738891573426673842159739126845584397612126485973
287439156956781423314256798468923517529617384731845962673598241192364875845172639
946283715785491362213567948591674823432958671678312459367129584829745136154836297
865712934743598612219634857987123465524867391631459278196245783372981546458376129
896732541145968723273514869319275684624893175758146392962381457581427936437659218
682973541957418236314256987498731625521694873736825419149362758275189364863547192
798432651156879234234156978463721895571698342829345167917264583385917426642583719
297843561856791234314256897468937125521684973739125648142368759975412386683579412
786243591951768423324195867278951346519436782643872159492517638165389274837624915
287439165956781423314256798468913572529647381731825946673598214192364857845172639
296873541845691237371245986157936824429518673638724159912357468764182395583469712
648592371951387642273614859795123468314876295826945713162758934439261587587439126
658712934947368512213945876872194653195236487364587291429873165531629748786451329
287493651956781234314256987469137825528649713731825469192364578875912346643578192
287943651956781234314256987469137825528694713731825469142369578875412396693578142
156892734847536912293174685532487169981625473674319528719253846428961357365748291
538267941679841523214395867742618359891453672356972184923786415485129736167534298
951268374348759261672134985726315849419687532583492617237946158864521793195873426
951862743468375912273194865749586231835217496126943578612759384587431629394628157
924376851657981342183245679498123567315697284762458193841762935539814726276539418
826574913495381762713629548349762851251498376678135429967243185134856297582917634
475982361691537428283614975842753619356291784719846253568479132937128546124365897
897621354645389712123745896936518427418237965752496138289154673364972581571863249
851792436946835712273614985789521643362478591514369278438956127627143859195287364
726954813459381762813267945631829457982475631547136289398542176164793528275618394
869271453347956281152834976781325694524169837693487125235618749418793562976542318
896715234743268951152934867425871693381596742967423185578149326234687519619352478
291738654875461923634925178346259817982617345517384296753892461469173582128546739
846753921975812364213649857132497685697528143584361279358176492769234518421985736
274598316586371492193246857458927631967813524321654789639782145715439268842165973
284795316756381492193246857435927681967813524821654739679532148318479265542168973
247851963958367412163924785489215376315786249672439851534172698721698534896543127
825619734649378512173245869792453186561827493384961257937184625416592378258736941
142973856869451732573826149384197265791562483625348917436219578218735694957684321
286754913745391862193268547461923758839475621527186394352849176614537289978612435
286754913745391862193268547461923758839475126527186394352849671614537289978612435
241357986978461352563289147739814625412675839685923471397142568126538794854796213
796342581158679423234185796643927815519438267827561934382714659465893172971256348
245983716879641352163257948638725194754169283921834675492378561387516429516492837
651823479947561382823749651592416738736985214418237596369172845174658923285394167
372468951658791423194253876847326519539817264261945738983672145425139687716584392
829374156675981423134562987712856394983247561456139872541728639298613745367495218
491237658765841392823596147379128465542963871186475923218659734634712589957384216
281764953745391862693258147876943521439512678152687394928436715364175289517829436
491327658765841392823956147379214865582693471146785923218569734634172589957438216
751862943946375812283914675678123594519647238324589761192456387467238159835791426
138274956756981423294563871461328597573496218829157364947632185385719642612845739
867293541951647823324185679793851264482736195516429387249518736178364952635972418
879423561516798423234156789981672354647385912352914678495861237728539146163247895
582367941946581723713924865637192584458736192129458637394615278275849316861273459
378921654569487123214356987841792536623145798795638241457819362936274815182563479
198324765756981423234567819469278531573196284821453976947632158385719642612845397
572169834496738512813254796341982675987615423265473189658321947124597368739846251
758263941641759823932814576489125637516437298327986415175692384264378159893541762
759263841641758923832914576498125637516437298327689415175892364284376159963541782
817324956695781423234569178972856314381942567456137892549278631128693745763415289
972563418568491372134782956419625783283174569657938124396857241721346895845219637
698712345457386912123945876845631297236479581971258634364597128782163459519824763
712396845659481723834752619391567482246138597587249136468973251173825964925614378
819324765675981423234567198721856349983142576456739812547298631198673254362415987
839274156675981423124563987413856279982347561756129834541738692267495318398612745
956271384347586291182934657738165429215498763469723815523817946694352178871649532
524687931768391542193245786459126378316758294872439165941872653635914827287563419
573962841968147523214385976482593617157628439639714285891236754345879162726451398
781524963459361872263987145537692418946158237128743596892436751375819624614275389
259873641786149523314265978192587436835614297647932185571498362963721854428356719
679821435854396712123745698296584371518637249437219586742158963361972854985463127
259783416746591382183246957935827641867314529421659738698432175514978263372165894
456928173378561942921734685185347269732896451694215837569472318217683594843159726
986372451175468923234195786643827519518934267729651834352719648467583192891246375
786392451195468723234175986643827519518934267927651834352719648469583172871246395
283697541576481923914235786749512638652378419138946257895164372327859164461723895
837654921456912873291738645943175268785426139162389754619547382578293416324861597
548763921967152384213849756154386279896527143372491865735618492689234517421975638
875962341641735928293184675512479863436851792789326154954613287327598416168247539
968372541751649823234185697382756419519438276647921358493567182125893764876214935
689342751175968423234175986593627814418539267726481539352714698841296375967853142
241536879867941352593728146638179425912465738475283961384612597129357684756894213
241357986978461352563289147639814725412675839785923461396142578127538694854796213
241356987968741352573289146639814725412675839785923461394162578127538694856497213
217839456856471923394562781461327598529186347738954162942613875175248639683795214
491328657865471392723956148389214765572693481146785923217569834638142579954837216
491328657865471392723956148379214865582693471146785923218569734637142589954837216
723689451569471823814235967458716392237594186196823574942168735375942618681357249
475916823369278541812534769294185376651723984783469152946851237128347695537692418
869732541571489623324615987743826195952147836618953274285371469497568312136294758
132589674869741523745263981498326157613457892257918346926175438571834269384692715
217389465856471923394562718461937582528146379739258146142693857975824631683715294
217389465856471923394562781468137592521946378739258146942613857175824639683795214
621874953795631842834952167468127539917563428253498671582349716349716285176285394
762851943549637812183294756238915674914376285675428391351782469826149537497563128
897362541615947823324185796481539672539276418276814359963451287752698134148723965
982356741745981623613724859576192384438675192129438576394517268267843915851269437
781234965956871423234569178463728519578916234129453786397642851815397642642185397
812564973576391842934728651429685137157943268683172594768239415341856729295417386
321897645769451823845263179598324761617589234234176958982635417473912586156748392
576834921491562837823917645642798513359146278187253496715489362264375189938621754
952167834647538912183294756798641325531982467426375198865413279214759683379826541
932587164768491523145362789527836491493215678816974235659743812281659347374128956
768423915954681372123975846532716489841359267679842153497268531316594728285137694
972563418568491372134782956419625783683174529257938164396857241721346895845219637
621473985459861732783295146345726819892154367176938524517682493234519678968347251
812359764769841523345276189583697412491582376276413958658734291124965837937128645
562798341874351962193624587739482156421563879685179423948217635357946218216835794
975634821641892573283175946137256498859347162426918357562481739314729685798563214
691457382347286591582913746235764918978132465164598237459671823713829654826345179
742891635589367412163245978821459367934726581675183249457938126398612754216574893
654792381971638452283514697836275149715469823492381765349857216127946538568123974
765392481841567392293814576572683149618459723439271658984736215126945837357128964
576392841149786523283154697798521364425673918631849275917238456364915782852467139
472893156395461782186527934219735648657284319834916275728349561541672893963158427
512498673967531482834726159496215738283974516751683924349857261678142395125369847
132784659768591423945362781853126947619475832274938165481257396596813274327649518
274956813659381472183247956491728365832465791765193248346572189527819634918634527
579632841681479523324815976948126735267354189135798264793261458452983617816547392
352768491867491235194325687271659348549813762638247519983574126425186973716932854
627843915548961372913725846365197428891452637274638591482579163756314289139286754
982463751465172398713859642196547823278931465534286179349628517627315984851794236
769832541815479623234156987487961235953247816126583794572394168398615472641728359
521839476947561382863742951438175269675294813219683547382416795154927638796358124
162894573587361942934725618498253761725618439613947825349186257876532194251479386
456821739397546281812793645243965178568217394179438526981672453734159862625384917
786243591951768423324195867278951346519436782643872159492517638165389274837624915
592364178487591362163827945938746251624915783715283496341659827876432519259178634
762483915954671382183925746538716429241359867679842153497268531316594278825137694
746918523935267841182534679361875492829641357457329186218753964573496218694182735
895327641761849523324156987612783495437695218958412736543971862179268354286534179
263978451957641823184325769571483692349267185628519347892734516435196278716852934
856941732743526981192783645938652174625174398417398526564837219279415863381269457
652394871819572436734168952485731629371629584296845713923457168167983245548216397
569784321841632795273195846794816532358249167126573984912367458485921673637458219
712598634458376912963124875379685421846712593521439768634257189285961347197843256
472586319568391742913742856891457263256913478734268195345879621689124537127635984
572986143468351792913742856831497265296513478754268319345879621689124537127635984
926357481547981362813264579389125746264793815175648293431579628752816934698432157
591864732346297581782513649839672154257941863614385297925136478178459326463728915
681952734459637812723184965368471529942865371175329648534718296817296453296543187
957832641146957823283164597498271365361549782725386419572418936839625174614793258
897362451561489723324175698285716349943528167176943582752834916438691275619257834
758239641491657823263184759842971365316548972975362184639725418124896537587413296
825763941671849523394125867169572438243986715587431296958314672436257189712698354
679823451518497623234156789753281946496375218182964537925638174861742395347519862
546291873897536412123784695782915346365847129419362587634179258278453961951628734
132874659786591423945362781453128967619745832278936145861257394594613278327489516
132874659768591423945362781853126947619745832274938165481257396596413278327689514
482596731156387429793124586937651842814732695265849173341268957628975314579413268
842596731516387429973124586397651842184732695265849173431268957628975314759413268
132579648769841523845362791983125476516794382274683159497236815621458937358917264
492863571567142389813975642146758923289436157735291864354629718628317495971584236
917523684568471932234869751351294876826715349749638125473156298182947563695382417
849612753657398412213745869536927184982164375174853926321579648468231597795486231
795328641861479523324156897612893475937645218458712936543981762189267354276534189
358672941671849523294135678986251437513467892742983156467528319125396784839714265
759382641681947523234165789397251468516478932842693157478529316125736894963814275
261874953945361872783259146439712685126538794578496231892145367314687529657923418
952781634847653912613294785389416257265937841174825396731569428498172563526348179
287493615564871392193625748835716924942358167671942583459267831316584279728139456
821573694695481372734296158349125786582764931176938425917842563468359217253617849
859762431647813952123945687791528346532694718486371295278139564365487129914256873
967812453584376912123945687471598236892631574635724891249187365316259748758463129
782654319465391782913827645896472531524163897137985264379248156651739428248516973
536971824947826351182534679893715246265349718714268593428153967371692485659487132
852379641971846523364125978628753419519468237743291856496537182135682794287914365
359762841761849523284135967972653418518427396643981752437516289195278634826394175
786395421154782396293146857435917682967823514812654739649531278328479165571268943
592763841617849523834215796983152467425637189761984352178426935259378614346591278
679823451518749623234156789753281946496375218182964537927438165861592374345617892
976823451518794623234156789753281964469375218182469537627938145891542376345617892
461827539857396412293145768972654381538912674614783295749538126385261947126479853
952731684847659312613284795389416257265397841174825936791563428438172569526948173
516823974897461352234795618389254761725618439641937285463189527172546893958372146
