274698351956371824183245769395816247618724593427953618862139475749582136531467982
876912354459376812213845679761528943382194567945763128527689431138457296694231785
397682541568417923214935786785291634926743158431568297849126375152374869673859412
376982541598416723214735689685291437927643158431578296849127365152369874763854912
679283451851497623324165798795324186418956372236871945943518267562739814187642539
895612743734985612162734859546278391289351476317496528953827164421563987678149235
953682741687149523124375968298456137435718296761923485546237819819564372372891654
917234856685791423234568971429856317173942568856317294548179632361425789792683145
187324956695871423234569781413756892928143567756298314542917638379682145861435279
718932645956478123234156897463721589571689234829345716147263958395817462682594371
623879154789451623145362897458926731936147582271583946567294318812735469394618275
867923541541687923392145786958234617236791854714568392429356178675812439183479265
123789645679541823845362971538617492294853716761924358456278139912436587387195264
732896541596471823814325967648917352951283674273654198429538716185762439367149285
732869541596471823814325967648917352951283674273654189429536718185792436367148295
297681354845973612163245879359716428418529763726834195632198547981457236574362981
132978645679541823845263791584127369917356482263894157491635278728419536356782914
132978465679541823845263719584126397917354682263897154491635278728419536356782941
795238641481675923623194587956417832837529416142386759374862195268951374519743268
657491283834256971192783645948175326265349817713628594329514768581967432476832159
156234987847951632293768145389426751724315896615879423568192374472683519931547268
156294387847351692293768145389426751724915836615873429568132974472689513931547268
257918634498763512613245879769532481381694257524187963935821746176459328842376195
698321745754986312213745896862539471539174268471268953946813527325697184187452639
658921743794386512213745896862593471935174268471268935546819327329657184187432659
512674893869351472734829156981265347423917568657438219378146925195782634246593781
263879154978451623145362789512683497689147235734295861456738912327916548891524376
476832951518796423923145678789513264351264789642987315237458196165329847894671532
576832941418976523923145678789413265351267489642598317235784196167329854894651732
935862741846197523127354896374925618691438275582671439719286354263549187458713962
698251743457938612213764895924185376375496128186327954532619487841573269769842531
263857941758941623194326857981674532536192478427538169872469315615283794349715286
263857941758941623914326857891674532536192478427538169172469385685213794349785216
863257941759841623124396857291674538536182479487539162972468315615923784348715296
875923461961478523324156798452837619738691254619542387296314875147285936583769142
657491382349287561182563749938145627276938154415726893891674235523819476764352918
956127843437689512281534769612478395549213687873965124198752436325846971764391258
496573821158492367723168945572934618839651274614287593987346152361725489245819736
468573921591862347723149856659284713317956482284317569142735698975628134836491275
816752943547936812293184675489673521365291784721548396938425167652817439174369258
862754913954831672173296845638147529791528364425369781249683157316475298587912436
672891543948635712153274869469753281215489637387126954736918425891542376524367198
836572941745198623219634758183925476567341892492867135951783264374216589628459317
572483196694571832813629457365894721281357964749216583458162379127938645936745218
978521346645738912123964875452193687716842539839675124591487263364219758287356491
582937641796481523134652789821794356459263178673518492968375214215846937347129865
276349581819752643345186729931825467584967132627431958492573816168294375753618294
657893421419652378283741956198425637365917842724368519541289763972536184836174295
957683421418952376623741958189425637365197842274368519541879263792536184836214795
976328451548691372123745896357916248419287563862453917235169784684572139791834625
852761934946358712173924865397215486461837259528496371235189647684572193719643528
986273451571864923324195867295316784618742539437958216169527348753481692842639175
852761439476398512193245678935876241684132957217954386341689725768523194529417863
851762943476398512293145687345876129127459368689231475932684751768513294514927836
893247651576891423214365897159674238437528169628913574945136782782459316361782945
892361745546987312173245698281593476359476281467128953738619524925834167614752839
592861743846397512173245698281953476935476281467128935758619324329584167614732859
947621853865397412123845769258913674619574238374286195432169587796458321581732946
876321945954687312123945768349816527518279634762453189237194856685732491491568273
745923618698741352123856947851392764934675281267184539482539176319467825576218493
521684793697351842834297156719832465368745921245916378482169537156473289973528614
796835421581642973234197658478956132319428567625371894962714385153289746847563219
629735481571842963834196257468257139312469578795381624287614395153928746946573812
796835421581642973234197658478256139329418567615379284962784315147563892853921746
816572943457396812293814657948723561365981724721465398672158439139647285584239176
612385794587491632934726815891253467246817359753964281475639128329148576168572943
642897531897315624513624798389561472456782319721439865964153287135278946278946153
472598631958316724613724895394671582567842319821935476735169248146283957289457163
851627934649385712273914586982176453315498627467253891538761249196542378724839165
687312945459678312213945768731586429842139657965724183198263574326457891574891236
786312945954678312123945768318569427247183659569724183891236574475891236632457891
687923451591487623324156978248391765935672184716845239172539846463718592859264317
697321854458967312123845697739582461841639725265714938982173546316458279574296183
968273541154698723372514869497125638216837954835469217729346185541782396683951472
526983741891647523734215698957361482468792315312854976683179254175426839249538167
561732894947568312283194765832945671679321548415687239358479126196253487724816953
931825647768941523245367189659238471423179856187654392592413768376582914814796235
795862431461573892823194657582619374379428165146735289618947523257381946934256718
641892537589376412273514698492753186736128945815649723324967851168435279957281364
921876534476395812853214796682453179347169285195782463568941327219537648734628951
512684793679351842834279156927138465368745219145926378451862937293517684786493521
621593487758461932934287156516874329342916875897352614289145763465738291173629548
251846973469731852783259146692187435814365729375924681938412567126578394547693218
167892345945673812283145796851927634629438157734561289398256471476319528512784963
678923451519784623234156789986247315725831964341569278162395847497618532853472196
697312845854976312123845697276598431348127956519634278731269584465783129982451763
289367541457981362163245978694813257518672493732594816326159784875426139941738625
675329841498761352123845967532916478786432195914578623369157284851294736247683519
956743821814592376723168945381629457497351682265874139642985713539417268178236594
697251834458367912213894765982135476534786129176429358369518247725943681841672593
579238461681749523324156879293567184418392756765814392142975638956483217837621945
759238461681749523324156879293567184418392756567814392142975638976483215835621947
852671943647938512193245768938756124514892376726413895369184257275369481481527639
769258413458731962213649758571984326392567841684312579825173694946825137137496285
768921345549763812123845697236519478415687239897234156651498723372156984984372561
921657843586431972734298156395124687618379524247865391469512738152783469873946215
481567293536928471792134568827456139359812746164793852945681327278349615613275984
621594873587361942934782156762139584398457261145826397219675438473918625856243719
621584973597361842834792156762139584389457261145826397218675439473918625956243718
298617453457893612163245897942581376375469128816372945539126784681754239724938561
896241753437956821152873649961328574324567198578419362745132986219685437683794215
857921643463758912129634587694182375231579864578463291712895436386247159945316728
927586413546391872813742659158427396479863521632159748384215967265978134791634285
291783654857649123364215879579831246428596731136472985683157492942368517715924368
812573496569481372734926851486715239325894617197632584671348925253169748948257163
973682541865147923214395768152876439698413257437259816581734692746921385329568174
567382941491756832823194756384275169915863274276941385639527418752418693148639527
975238461681479523324156789293865147417392856568714392152947638749683215836521974
879234561651978423324156798293465187417382956568719342182547639746893215935621874
924583671765142938813967254586791342139254786472836519348679125297415863651328497
827931465596847123314256879438162597275493618961578234689724351153689742742315986
759238461681479523324156798293564187417382956568917342172845639846793215935621874
759238461681479523324156879293564187417382956568917342976843215142795638835621794
859237461671948523324156798293465187417382956568719342182574639746893215935621874
867239451591478623324156789283695147719342865456817392172964538945783216638521974
768239451591847623324156978253698147419372865876415392182764539947583216635921784
789234561651879423324156798293465187417382956568917342172548639846793215935621874
852693741167452389934178265679834152413265897528917634395781426281546973746329518
712853964589641732634297158347985621928176345156432897475368219293714586861529473
921458763857361942634279158382915674419637285765824391596142837143786529278593416
712953864598641732634287159347195628129876345856432917475369281283714596961528473
872349561965781423314256897458127639629834175731695248143968752286573914597412386
867392451591674823234185976345726198618459237729831645482517369176943582953268714
692178543748635912153294687934812765581763294276549138465987321829351476317426859
591823764476951382823647951762184593389572146154369827948716235237495618615238479
581923467746851392923647851462195783359782146178364925897516234235478619614239578
982435716546781932713269845378526194294178563651943287439857621127694358865312479
687912543549367812123845796791526384835194267264783159956231478412678935378459621
652971843947368512183254967869715324314892756725643198571486239438129675296537481
973462851568917423214835796759283164842176539136594287421359678387621945695748312
913582764768491523245673189491237658586149372372865941629358417157924836834716295
396872541458916723721534698682459317947183265135627984873291456569348172214765839
876912543943765812152834697561487329284193756397256184629571438718349265435628971
396871254547926381182534679834165927265397418719482563923618745651743892478259136
762983541195476823384125769851234697927861354436759182248517936619348275573692418
786312945954678312123945768318569427247183659569724183891236574475891236632457891
723864591568791423914325768231459687497638152685172349872516934146983275359247816
723864591568791423914325768231549687497638152685172349872416935156983274349257816
867239451591847623324156978253698147419372865678415392182764539745983216936521784
987234651561879423324156798293485167718362945456917382172648539845793216639521874
685712934947368512123945687278451396419637258536829471391276845764583129852194763
685712934947368512123945687278451396419637258536829471392176845764583129851294763
512983647679541832834672195491738256785264319263195784928416573357829461146357928
851923764746851392923647851432795186185436927697218543574182639369574218218369475
612584973578931462934276851429165738185793624763428195897342516341657289256819347
951823764476951382823647951762184593398572146145369827584716239237495618619238475
751823964496571382823649751962187435385492176147365829539716248278954613614238597
751962834946538712823174569439215687685397241217846953368429175172653498594781326
836941752497256831152873649961382574324567198578419263745138926213695487689724315
986312745547896312123745698638571429792438156415629873359184267274963581861257934
796823541581497623324156798632781954958342176147569382863275419415938267279614835
796823541581497623324156798632781954958342176147965382863279415419538267275614839
952763841761498523384125769195234687627981354438657192276519438819346275543872916
857621349946387512123945768291456873368172495475893126532764981684519237719238654
581723469946581372723649851452978136637215948198436725375192684869354217214867593
581723469946581372723649851452978136637214598198356724374192685869435217215867943
581723469946581372723649851452978136637214985198356724375192648869435217214867593
786321945945867312123945678862573491357194286419682753291738564638459127574216839
573926841946781523182354697218439756654278319397165284739542168465813972821697435
298763541561948723734125896817396254625874319349512678472639185986251437153487962
284567931657391842193824756942175368315682479768439125471258693539716284826943517
976382451185749623234156789463927815728531964519864237691275348347618592852493176
875264319496531872213978546761825493382496157954713268529347681147682935638159724
485926731967831425213745698852693147349178256671254389194562873738419562526387914
796382541541697328823145796315726984478519632269834157987251463634978215152463879
468927351795381462213645987952813746841276593376594218139758624624139875587462139
524867913897351462163942758971528346235674891648139275456293187319786524782415639
476835921159742386283691745534189267962473518817526493798314652345268179621957834
486735921159842376273691845534189267962473518718526493897314652345267189621958734
896745321154832976273691845539418267462973518781526493917384652345267189628159734
486735921195842376273691845934158267562473189718926453857314692349267518621589734
927836145658471923134952786812743569479265318365198274541387692783629451296514837
753628941869471523214935867697352418425816379138794256942187635376549182581263794
176832954948756312253914768782491536591263847364587291437125689619378425825649173
973824651658791423214635978847216539521943786396587214432179865769358142185462397
251867493479351862683249157536924781892176345714538629948712536367495218125683974
973842651586917423214356897697421538428573169351698274145239786832764915769185342
156892743748356912293714658985261437327489165614537289439125876861973524572648391
576384921149572368283619745837146259462935187915728436398457612621893574754261893
859734621164852973273196845638247519792518364415369782941683257326475198587921436
512347869768591432934268157493782516256139748871654293389475621625813974147926385
759834621164752893283916745638241579912567384475389162841693257326475918597128436
475623819896471352123859746631794528942568137758312964267935481314287695589146273
689712354475389612213645897921564783734928561568137249396871425852493176147256938
869712354475396812123845679537928461248163795916457238791234586352681947684579123
521793648876541932934628157453917826218465793769382415395874261682159374147236589
967328154458691723231745986672584391189236475345179862896412537513867249724953618
967328145485691723231745986672584391819236457354179862193462578546817239728953614
867912345945683712213745869156398427392174658478256931724831596581469273639527184
297561834645837912183294756438915627916372548572648193761429385354186279829753461
678921543459378612123645798932716485516284937784539126267193854341857269895462371
521683794689741352734952861452896137916374528873125649395418276167239485248567913
268593741459871362173426895891764253724358916635219478346187529517932684982645137
973682451586417923124395678652973184418526397397841562761254839239168745845739216
825637941469851723713294658378519264952486317641723895597168432134972586286345179
845973621961452378273861945798216453316547892524398716652784139489135267137629584
821593476695471832734286159489765321153924768267138945916342587378659214542817693
297618354854739612163245798471586239632194875985327461348971526529463187716852943
267819345854367912193245876471536289932184657685972431346791528519428763728653194
287619354654378912193245768471536289832194675965827431349781526528463197716952843
786129345954368712213745689462531978839274156175896423347682591598413267621957834
962371854547689312183245796835716429419532678726894135251467983374928561698153247
768921435954387612123645897342716589576498123819253764237164958481539276695872341
861729345547368912293145786172456839634981527985237164358672491416593278729814653
167982354945367812283145769358726491416539278729418635631254987572893146894671523
862971354457863912193245678938716425614582739725394186346158297571629843289437561
512493876869751432734286159627139584485672913391845267976528341153964728248317695
521683479697451382834279651365924718978165234142837596459712863716348925283596147
827639541951482673364751982498163257276594138135827496619348725782915364543276819
876321945945678312123945786298153467764892531531467829357214698419786253682539174
621593478597841362834276951352689714978154236146327589465712893719438625283965147
682574913547931862193268745751683294824159637369427581976342158418795326235816479
251984763947361852683572149834619275192745386576238914469827531328156497715493628
985632741146987325273145689359726418418593276627814953731259864864371592592468137
973482561865971423214356987458237619629148375731695842192863754387514296546729138
285476913467391852193852746631924578928567431574183269846235197352719684719648325
957823461168479523324156798482735619619284375573691284241368957735912846896547132
579832461168479523324156879493517682712683954685294137241365798857921346936748215
628794513495631782713582946349825671286317495571946328952468137164273859837159264
428796513695431782713582946349825671286317495571964328952648137164273859837159264
812637945765491823394825716589164237127358469436972158943716582278543691651289374
798263451561478923324195876245836719687941532139527684853614297472359168916782345
782651943549387612163294758821943576497526381635718294354169827916872435278435169
769834251481592376253167894634981725915273468872645913327416589596328147148759632
491876532386245791572913648735684219218739465649521873924368157863157924157492386
873692451965148723214375869741926538528413697639587214192864375386751942457239186
462357981795681432183942756831795264524816379679234518346179825917528643258463197
387962541569148723214375896893451672452637189671289354148726935736594218925813467
981632745456987312723145689642791853538264197197358426879423561365819274214576938
692574813547381962183629745851963274724158639369247581976432158418795326235816497
362987145789451623145362897536829714918734562274615938453176289697248351821593476
895367421671842593234195876942618735186573942753924618527436189418259367369781254
925764813746381952813952647671823594289546731534179268497235186358617429162498375
285476913647391852913852746731928564429567381568134279896245137354719628172683495
798312645546978312213645798935726481627184953184593267361259874859437126472861539
492385617756941382183267459379452861821736945645819273934578126568123794217694538
582476913469381572713925846841732695395168427276594381927853164654219738138647259
857426913649381572123975846481732695935168427276594381792853164318647259564219738
251486973647391582893275146428739615935168427176524398712953864389647251564812739
812637945765491823394825716589164237127358469436972158943716582271583694658249371
612574893578391462934628751461785239283946175795213684127839546346157928859462317
972563481518492367634871952459327618321648579786915234193754826265189743847236195
817524963569381472234769851498175236173642598652893714341958627926437185785216349
912564873567381492834279651478125936193746528256893714341958267629437185785612349
928465713675931482134827956481593627392678541756214839247386195519742368863159274
712395846689741523345268719831926475594173682267584931973452168426819357158637294
197523864845671932263849751572184693934762518618935427451297386326458179789316245
981632754456987312723145698642791835538264179197358426879423561365819247214576983
462357981795681432183942756831795264254816379679234518346179825917528643528463197
912564873587391642634728159428159736193476285765283914349812567876945321251637498
246971835978536412153284697892713564365498721714652389481325976537169248629847153
296571834478936512153284697982713465365498721714652389841325976537169248629847153
293487651786951423145362987512693874934875216867214539651748392428139765379526148
352694781769812543184357296891745362543261978627938154435176829216589437978423615
621573984759481632834296157548162379172938465963745218417359826396827541285614793
256918347948367512173245968739821654462539871815674239697152483384796125521483796
953768241867412953214953678489537162621894537375126894792385416536241789148679325
197862354645937812283145796958723461314689275726451983531278649479316528862594137
825943671716852934934167285478219356192536748653478192569381427341725869287694513
871926543459378612263145978932517486517684329684239157345862791726491835198753264
286371954745689312193245687359716428418592763627834195972153846864927531531468279
782651943649837512153294768821946375497325681536178294364519827915782436278463159
752861934489357612163294758821943576397526481645178293534619827916782345278435169
658912734374856912129734586917428365845361279263579841496283157531697428782145693
359687421871942563264135897493876152612359784785421936927513648146298375538764219
862794315497351862513268749639842571781539426245617938924175683358426197176983254
519872634473965812628134795894521367735496281162783549956218473287349156341657928
287691435459387612163245789371954268842163957695872341936718524528439176714526893
827436591561892743934751268248367159619528374753914826492185637176243985385679412
523896741867412593914753268248167359639528174751934826492385617376241985185679432
132798654986451723745263819591634287827915436364872195453127968618349572279586341
152873964846591372793642158387925641419386527625417893931754286564238719278169435
782495163456381972193762458927856341341927685865134297238549716579613824614278539
961782435457639812283145769834926571675814293129357684392468157746591328518273946
521793468768451392934862751413285679895376214276914835352649187147538926689127543
892371645457869312163245879349716528518492736726583194634128957971654283285937461
891372654457869312263145789348726591519483267726591843634218975972654138185937426
632947581597681423814325976478516239921834765356792814783469152145273698269158347
632947581597681423814325976478516239921834765365792814783469152159273648246158397
632487591857691423914325876479516238521938764386742915793864152145273689268159347
951672843647389512283145769398726451416593287725814936874961325139258674562437198
689732451751984623234156879468593217927418536513267984895341762142675398376829145
392687541857491623164325789279136458618954237435278196941862375723519864586743912
296571834478936512153284697982713465365498721714652389541369278837125946629847153
912375846687941523345268197879632415531894672264517389496783251123459768758126934
492385167756941382183627459861732945379456821245819673934578216528163794617294538
789321645465789312123645879352816794614297538897453126238164957541978263976532481
689721543754389612123645879432816795516297438897534126248153967361978254975462381
913284675786591423245367918632975184491832567857146239579618342128453796364729851
632487591857691423914325876479816235521934768368752914793568142145273689286149357
879612543546398712123745869951423678632857491487169235765981324294536187318274956
879321546546798312213645879382164957954287163167539284691872435728453691435916728
876921345954736812213845697728593461349167258561284973132479586695318724487652139
829374651461592387753168294674931825915286473382745916238417569597623148146859732
689732451751984623234156789468593217927418536513267894875341962192675348346829175
589127634463589712127634895894275361236491587751863249612748953375916428948352176
875632941461987523923145678589471362216359784347826159794263815632518497158794236
687932541519467823324815796932571468458629317176348952795186234241793685863254179
286791345457863912913245687791438256538126479624957831362574198879312564145689723
985142736643795812271683594798214365456379281312856479139427658527968143864531927
713829465659741823824356197392568714168274359475913682941632578586497231237185946
968732451751489623234156978179824536342561789586397214493278165817645392625913847
589634721761582943234719856457923168693851472128467395912375684376248519845196237
851724369946381572723965841379148256518672493264593718692857134185439627437216985
851924367946371582723685941397148256518762493264593718672859134185437629439216875
978623541651478923324915786289736154167254398435891267542367819893142675716589432
987562314643871592251934678312487965794356821865219437536728149129645783478193256
687592314943871562251634978312487695794356821865219437539728146126945783478163259
257681943648359712193274658871942536439568127562713489986125374314897265725436891
257691843649358712183274695971482536438569127562713489896125374315947268724836951
792386451516497823834215769485971236167832945329654178953728614241569387678143592
527961843496837512183524796862193475314756928759482361648319257275648139931275684
562378194497561832813942756389754621674123985125896473736485219258619347941237568
572386194498571632613942857349865721785123946126497583254719368837654219961238475
498562731571938624623714895734895216915246387286371549369427158847153962152689473
245897631697351842183264759852716493319548267764923185971685324536472918428139576
245368971768951432193724856952816743314579268876243195481695327537482619629137584
641293875957481362283576941538624719792158634416937528175349286324865197869712453
841325967956781432273649158192476583567813249384592716439258671728164395615937824
852497361439162875671853924143926758296578143785314296368249517917635482524781639
861729534549683712273145986152476398394518627687932145738261459425397861916854273
451823976768951432293746158539184627182675349674392581946238715327519864815467293
835297641697841523214356798923564187486172935751938264569783412148625379372419856
812635497569471832734298156493586271627913548158724963386149725971352684245867319
451623879876951342293847156539184627162795438784362591948236715327518964615479283
451623879876951342293847156539184627612795438784362591948236715327518964165479283
927654183465831972813729456271346598389517624654298317596472831142983765738165249
926754183475831962813629457761342598389516274254978316592467831137285649648193725
426791853978635412513284796841952367739416285265378149354129678687543921192867534
986712354574368912213945876761594238829173465345826791437681529198257643652439187
931825647786941523245367189659234871423178956817659234592413768174586392368792415
583297641976841523124635987692413758458762319317958462831574296765129834249386175
897261354654938712123745896946813527518472963372596148239184675765329481481657239
472965813658731942913248756365197284291384675784526391549672138827413569136859427
863945721597162483214387956349258617152673849786419532971534268438726195625891374
769385421518462973234917856926173584145298637873654192497831265381526749652749318
859362741147589623263174985481925376375416298926837154534291867698753412712648539
367945821159862473284137956948251637532679148716483592873514269491726385625398714
248967531967351842153824796382195467416732958579648213891476325735219684624583179
647892351591736842283145769856923417379451286124687935412578693935264178768319524
248967531967351842153824796382195467614732958579648213891476325735219684426583179
659732841741586932283914675897241356314865297562397418435678129128459763976123584
256487913794361852813952647641873529982546731537129486429638175368715294175294368
256497813784361952913258647641973528892546731537182496428639175369715284175824369
856732941417896523923145768594621387368579214271483659139264875742358196685917432
756382941491567823283914675847125369315649287629873154178436592562791438934258716
798621354645397812213845976352716489476589123189234765927153648864972531531468297
912645783586731942734892156459176238268953417173428695691387524327514869845269371
786921345945387612213645897162598473839274156574163928691732584328459761457816239
158926734649783512273145869932514687761298345485637291597861423326459178814372956
892163754456978312173245698349821576567439281281657943938716425725384169614592837
967832451451679823283145796849726315316594278725318964198253647674981532532467189
867921453954367812123845697239186745716534289485792361348259176572618934691473528
921745863576831492834269157652984371349127586187356924795412638468573219213698745
352769841679481523184235967791528436526943718438176295943817652217654389865392174
293875461786142593145396827951287346862431975437569218614958732529713684378624159
652974813497381652813526947321759486789462531564138279935247168148693725276815394
659437281817692453234851796542763918196285374783149625421378569375916842968524137
469537821875412396123896745317958264946723158582164937738649512691275483254381679
257981634964537812183624795842195376319762458675348129538419267491276583726853941
782591634945836712613274598897123456356948127124765983468319275231457869579682341
962548731857312946134679285386795124495231678271864359743186592519427863628953417
682391745549678312173245698921537864468912573735864921857126439314789256296453187
791862543645937812283154796967283451354716289128549637439625178512378964876491325
651872943847539612293614758382765491519348267476291835938126574724953186165487329
651872943748539612293164857134698725982751364567423198315947286479286531826315479
927368451584917623613245798891573246362194875745826319439781562178652934256439187
792561834546837912183294765438915627619372548275648193867429351921753486354186279
692571843547836912183294675378915426419762538265348197836429751921657384754183269
692571843547836912183294675738915426419762538265348197876429351921653784354187269
912573684875641932634298157561784329498362571327159846759436218146825793283917465
872391645569487123134256879241579368397862514685143792758914236426735981913628457
467581293358297461192634578239815647514976832786342915925163784841729356673458129
678251934459638712213974856347892561982516347165347289721485693596123478834769125
678251934459638712213974856347892561982516347165347298791425683526183479834769125
672951834459638712813274956347892561928516347165347298791485623586123479234769185
976512834534768912182934675859276341367451298421893567293145786748629153615387429
591627834647398512823514796986273451432851679175469283359746128214985367768132945
192837645856491723374256891963584217541372968728619534689145372437928156215763489
123789645687451923945263817571924368836175492294638751459317286712846539368592174
542796381679831452183254967498175236315682794267943815821469573734518629956327148
792651843456837912813294675934175286267983451581426739145769328329548167678312594
821975463596431782734268159652789341389124576147356928975812634468593217213647895
562839714497561382813247569641352897735918426289674135358796241974123658126485973
486712953579368412123945876761593248392481765845627139238176594614859327957234681
295674318746831952183529746937245681621398574458716239362487195879152463514963827
921354867756891432834627159372189546649235781185746923493512678568973214217468395
862954731957312846134678295346785129589231674271469358793146582418527963625893417
862594731597312846134678295346785129985231674271469358753146982418927563629853417
198372654745869312263145789859726431614583297327491865936254178572618943481937526
512794683698351472734286951871429536943567128265138794356942817427815369189673245
192547863846931572753286149361472958925863417478159326587324691214698735639715284
765824913489361752123957648641273589938546127572189436297435861356718294814692375
623978154987451623145362879469135287712849365358627941571296438836714592294583716
781235964465987312923164857652418793394752681178693425846321579239576148517849236
967312458584976312213845967491723586328561794756498231872159643639284175145637829
762594813495831762813267549651342978389715624274689135937456281128973456546128397
769812453458376912213945678386457291197283546524169837631524789942738165875691324
965784321814362957723159846649815732358627419271943685137298564592436178486571293
123897654768451923945263187517924368836175492294638715682349571471586239359712846
618324957597681423324759681172546839843297516956813274435162798261978345789435162
379865421865142973214397856748253619192678345536419782951734268483526197627981534
581263974497851362623749851752684193936125487148937625864512739375498216219376548
651273984498651372723849651832795146145368729967124538374912865589436217216587493
792645813856931472134287659921456387368172945475398126647513298513829764289764531
492653817756981342813247569684795231539412786127368495241879653978536124365124978
986712534457386912213945867521497386374658291698231745732169458145823679869574123
748329561591867342623145987356912874982476135174583629469231758217658493835794216
598237641741658923263194758436981572982576314175423869359712486814365297627849135
795824613486391752123657948641273589938546127572189436267435891359718264814962375
842376951567891342193245876958123467316754298724968135635482719271639584489517623
842673951567891432193245876958124367314756298726938145271369584635482719489517623
712593684865741392934862157387925416526174938149638725291486573478359261653217849
571692348486375912923184765348921657619537824257468193734216589195843276862759431
791285643465937812823164579652318794349752186178649325936821457284576931517493268
791632845456978312283145679849723561367514298125896734934287156618359427572461983
428791653976835412513264798841952367739416285265378149354129876687543921192687534
561723489948651372273849651637294815892165743415378296759432168126987534384516927
862917354547836912193245786271453698956781243384629571419372865625198437738564129
725864319486391752913527846261973584398452671574618293859136427137245968642789135
563728941497561823812394756928175364634982175175643289259417638741836592386259417
752493681496182375813765249189524763527836194634971528965347812378219456241658937
168792345745683912293145768832916574914357826576824193659231487321478659487569231
832796541569148723714235689951382467627954318348617952483529176296471835175863294
648572391175398462293164587852746139719253846364981725936817254427635918581429673
379865421865142973214397856741253698982671345536489712158734269493526187627918534
591263874487951362623748951752684139936125487148397625364512798875439216219876543
962854731587312946134679285346795128895231674271468359753186492419527863628943517
572894316468351972913276845891732654735468129624915738347589261159623487286147593
681752934749386512253194768962847351814563297375921846596478123437215689128639475
512498673768351942934762158349127586851639724276845391487516239625983417193274865
295374618478561392613982745981723456352846971746195823137458269569237184824619537
652387941478916523913524786839165472564872139127439658341658297285791364796243815
572681934849735612163924578985163427416572893327849165791258346254396781638417259
687921543594376812213845796165438279932157468478692351759213684821764935346589127
792861453654739812813254976369472581241985637587613249478126395125398764936547128
379862451865491723124375869591284637487613295236957148748529316652138974913746582
953728641467591823812364795298175364534682179176943582625417938741839256389256417
976283541851749623324165789289451376645937812137826954493518267562374198718692435
285374619479561382613982745891723456352846971746195823137459268568237194924618537
462953817759681342813247569984715236536492781127368495241876953678539124395124678
874925631935167824216834795798412563462573189153698472629741358547389216381256947
693728541785461923124359687832594176916273854457816392571682439249135768368947215
832975614697841523145362798456289137971453286328716945713624859589137462264598371
693728541587461923124359687832594176916273854475816392751682439249135768368947215
693728541785461923124359687832594176916273854457816392541682739279135468368947215
695284317487931652123567948912345786534678129876129534761452893349816275258793461
896512743457386912213974856781293564534167289629458137142839675368725491975641328
615284397487931652293567148129345786534678219876192534761459823342816975958723461
751682934946537812283194675397825461465971328128346759672419583539268147814753296
561892743947536812283174569872641395419358276635927481356489127124765938798213654
561782943948635712273194586782941365419356278635827491356478129124569837897213654
581962743946735812273184569792641385418359276635827491359476128124598637867213954
561782943849536712273194568792641385418359276635827491356478129124965837987213654
971582643845736912263194578752641389418359267639827451397468125124975836586213794
751892643846357912293614758962743581418569237375281469539428176184976325627135894
752863941968741523314295786521386479639457218847912635493628157186574392275139864
651792843478356912293814657537641298986235471124987536712569384349128765865473129
951782643478356912263914857537641298896235471124897536712569384349128765685473129
972651843456738912183294675698143527517982436234576189749315268825467391361829754
852961734649357812173824659796213548514789263238645197925476381467138925381592476
891652743645738912273194856932841567758326491416579238124967385389215674567483129
681732549947586312253194786798213465435867291126945837569328174312479658874651923
751962834648357912293814675912546387834791526576283149367125498429638751185479263
872561934645937812193284567934175286267893451581426793416758329328649175759312648
879251634564738912123964875936472581241586397785319246458123769612897453397645128
567912843948367512213845679831496257675283194429751368354129786796538421182674935
128359647796841523345276918562413789931687452874925361419532876687194235253768194
128359647697841523345276918562413789931687452874925361419532876786194235253768194
752861934489357612163924758941785326325496187678132549534678291216549873897213465
725961843496835712813274596389617254562348179174592368631729485957483621248156937
762951834549738612183264759631842597897516423425379168956483271214697385378125946
652791834948356712173824659891675423524938176367142598439567281215489367786213945
852761943649538712173294856297845631514376298386912475765483129421659387938127564
891652743546738912273194865632841597957326481418579236124967358765483129389215674
971852634485936712263174985839415276126789453754263198542397861398621547617548329
762581934849637512153294786985462371214375698376819245621943857438756129597128463
562891743948367512713254896439125687687943125125678439376419258291586374854732961
751962834468537912293184765947621358832495671615378249589713426324856197176249583
738946125651782943942351867584297631129563784376814592813625479467139258295478316
873496125651782943942351768534278691129563874786914532317625489468139257295847316
187692543946537812253184679798213465324765198615948237439826751562371984871459326
946823751158796423372145986893257614425619378617438295569371842784562139231984567
547921863936857421182634579698712345214593786375468912429185637763249158851376294
458961723637528491192734865749815236215643987386279154524196378873452619961387542
947851263536927481182634759698712345214593876375468192429185637763249518851376924
625784913487931652913256847751492386398675421246813579872349165134567298569128734
197852634485367912623914758732486591546129873819573246951248367378691425264735189
721564893695831472834297156347912685952678341186453729479326518213785964568149237
612854973859371642734692158291536487468217539573489261326948715145723896987165324
628345917495671382713289645932516874546738291187924536374862159869157423251493768
721564893695831472834792156347219685952678341186453927479326518213985764568147239
846723951571689423293145867158936742764812395932574186319258674485367219627491538
476832591185679423329145786247581639613927854598364217934256178862713945751498362
496832571185796423327145986249581637613927854578364219734259168862413795951678342
785932461619487235324156879493261587176548392258793614847329156531674928962815743
567832941184796523239145687975621438843579216612384795398267154456918372721453869
486732951175968423239145867827596134561374289943821576794253618358619742612487395
713842956568971423294356718459187632821639574376425891942763185185294367637518249
638475921795612483124389657413526879576948312289137546947861235861253794352794168
526879314948351762713642859861493527394527186257186943482935671179268435635714298
526879314948351762713642859861493527394527681257186943482935176179268435635714298
276953814985741362134268759719584236468327195523196487352419678641875923897632541
356871924891642753247953168928415637175386492463729815614237589739568241582194376
563782941849165723721934658478516239195273486236498517982357164357641892614829375
492675813587391462613248957961723584348956721725184396876532149159467238234819675
293786541765412983184953627951864372872139465436527819319248756628375194547691238
647395821851742369293168745384251697765489132129673584436917258918526473572834916
562891734948367512713254896439125687687943125125678349376419258291586473854732961
572986341498351627613274895857123469349567182126849573965718234234695718781432956
592861743468937512713254896349125687687349125125678439976413258231586974854792361
532894671789612543614357928825476319173529486946183257261948735498735162357261894
512764983698531472734298156347915628985672341126483597479326815261859734853147269
921564873675831492834792156347219685592678341186453927459326718268147539713985264
279831645865479123314256879453917286687524391192368457738145962926783514541692738
298731645765498123134256798453917286619582437827364951342175869976823514581649372
829731465765498123134256879452817936683529741917364258348175692276983514591642387
178932654965478123324156798453827916617594382289361547731245869846719235592683471
378921465965478123124356897459817236682593741713264958237145689896732514541689372
812573964597461832634982751463759128129348675758126493376815249285694317941237586
812953764569741832734286159927865341385194627146372598691437285473528916258619473
621574893759381462834926157483219576192657348567438219376142985218795634945863721
516823974987451632234769158349685721758912346621347895472136589195278463863594217
516923874897451632234768159348695721759812346621347598472136985185279463963584217
769821345548793612213645987356478129982136574174259863491562738637984251825317496
786921354594638712213745896935816427841273965672594183328157649157469238469382571
612475893587391642934826175458139726329647518176582934891254367263718459745963281
972854613658931472134276859597483261413627985826195347381749526265318794749562138
619524873578391462234678951461285739952713648783946125346159287897432516125867394
619524873578391642234678951461285739952713468783946125346159287897432516125867394
263978154987451623145362789529186437618743295734295861456837912372619548891524376
796821543854397612123645789612784935985132467437956821561278394348519276279463158
637892541485761923912354876791426385256183794348579162823945617174638259569217438
637892541485761923912354876791426385256183794348579162823945617169237458574618239
986237541751894623234156789193672854527348916468519372672981435815463297349725168
675832941891467523234915786967281435453796218128543679582179364716354892349628157
972386451586417923134295687653972148418563279297841536765134892329658714841729365
572386941186947523934215687693472158418563279257891436765134892329658714841729365
257386941946751823183294657798135462562847139431962785374518296629473518815629374
679283451851497623234165798795324186418956372326871945943518267562739814187642539
987632451465918723213745896194286537852371964736594218371859642528463179649127385
753962841946518732281734695894125367567493218312687954179246583428359176635871429
486795321195342687273186945657834219349261578812579436961427853534918762728653194
256983471749512368183746952325168749918437625674259183491625837862371594537894216
976312854845769312123845679231597486459186723687234195362971548514628937798453261
642978531957361824183254976869715342314892765725643189571486293438129657296537418
631728945789451623245963871923615487468372159517894362892147536154236798376589214
496812537857396412123745986618524793349687251275139648961258374734961825582473169
786312954459867312213945768638791425192654873574283196347126589965478231821539647
821953476695741832734826159489675321153294768267318945378569214916432587542187693
581692743946387512273145689739826451418539276625714938197253864864971325352468197
782913564956478123134256879327861945519742386648539217473185692261394758895627431
271985634548361972693247851782594316164738529935612748356129487419873265827456193
751628943648397512293145786387562491569481237124739658936214875815976324472853169
795832461861479523234156798317625849629748315548913672952367184486591237173284956
621584973578391462934726158347259681816437295259618347482165739165973824793842516
589632741164798523327145698278519436456273819931864257695481372712356984843927165
847621953569378412123945768982713645316594287754862139431257896675489321298136574
897612354456387912213945768328761495961524873574839126642173589785496231139258647
623945781589761423714283965971832546458619237362457819837194652196528374245376198
765832941981467523234915768473586219856291437129743685392678154548129376617354892
968732541751468923234915867483576219675291438129843675392687154547129386816354792
965832471781469523234715968493586217576241839128973654342697185857124396619358742
769821534458367912123945786982156347376498125514732698641279853835614279297583461
687512943345896712291734658932675481816429375574183269753261894128947536469358127
935762841647815923281934576879123654316457289524698317763281495458379162192546738
856327941749816523213945678192568437387194265465732189671289354534671892928453716
596372481471865392283194756359627814768541923124938567632759148845213679917486235
958127634346985721172634895721498356893516247564372918237851469485269173619743582
786921354954378612123645897239716485415832769678594231862157943341289576597463128
823496751679851423145372689981765342457923168236148597598637214364219875712584936
832496751697851423145372689918765342574923168263148597489637215356219874721584936
912378654876541923345296871159687432423159786768432195694725318537814269281963547
612378954879541623345296871951687432423159786768432195194725368537864219286913547
465937812781652493932148657897213546214576938653894271329481765148765329576329184
465387912791652483382149657937218546214576839658934271823491765149765328576823194
168925347754381692293746851482613975516479238379852416641538729935267184827194563
168925347754381692293746851482613975516479238379258416641532789935867124827194563
621985374587431962934276158469157823872349615153628497315862749246793581798514236
678243951591786423234195768923851674845672139716439285469328517187564392352917846
698721354457638912123945867972516438314892675865374129749153286581269743236487591
547926381698731452213845769762359148935184627184672593851497236326518974479263815
749261835635948712281573964876432159123895647594617283968754321417326598352189476
865723941791468523324915876482576319576391482139842657243687195957134268618259734
251798436947536812683124597128957364539461728476382951792813645314675289865249173
987623541164578923325914876249356718573281694618749352456137289892465137731892465
967821345854673912123945768391567824248319576675284193732156489489732651516498237
817259463569431782234786159972148536381965274456372918693527841145893627728614395
872591463594368712163724985239156874716842359485937126357619248641283597928475631
178932654569478123234156978943827516617594382825361497751243869386719245492685731
768921354945673812123845796279516438314782965856439127637154289581297643492368571
987621354546973812123845796279516438314782965865439127638154279751298643492367581
712563894586491732934872651497235168251986347863714529349158276628347915175629483
291865473457931862683247159978513624314726985562498731139672548846359217725184396
812495673567381492934276158328719564146853729795624831489537216673142985251968347
951823746647951832823746159389572461576194328214368975435289617192637584768415293
876923451591487623234156978923561847415879362768234195642718539159342786387695214
678912354945763812123845976382597461756134298419286735291678543564329187837451629
897312654645978312213645798372569481958134276461287935726891543139456827584723169
957821634648379512123645798589713426362498157714256983431587269296134875875962341
697385421158642973324719856546273189983451762271896345469537218735128694812964537
895723461671849523324156798542917386918364275736582149489235617257691834163478952
687921345459378612123645789942816573516237894738594126364189257291753468875462931
926358741854761923317294865489135672562947138731682594175426389298573416643819257
821375694576491832934628751495837126367142985218569347652783419143956278789214563
867329451591487623234156798382614579419275386756893214173942865945768132628531947
921854763785631492634297158398512647456378219217946835562489371149723586873165924
721583964598461372634729851463258197819347625257916438386175249172694583945832716
721583964598461372634729851463852197819347625257916438386175249172694583945238716
769321854854697312213845769392518476641739528587264931928153647175486293436972185
965721348748396512123845679371452896259618734486937251632174985894563127517289463
697835421158642973324179856546723189983561742271984365469357218735218694812496537
967385421518642973324719856456273189893451762271896345649537218735128694182964537
967385421518642973324179856456723189893451762271896345649537218735218694182964537
283679451756481923194325786931258647548716392627943815862197534319564278475832169
821546973579381642634297158452168739186973524793425816917832465368754291245619387
926584173857631942134297658592846731463172589718953426371429865289765314645318297
931675482467289351852134976245917863198563724673842519526498137714356298389721645
876932541941675823253184697582746319317859264469321758795468132634217985128593476
791523684568491372234786951413658729982347165657219438329175846146832597875964213
721563984569481372834729651413856729982347165657912438398175246146238597275694813
612593784597481362834627951463759128129348675758216439381965247275134896946872513
197326845645789312283145769359612478418573296726894153931257684864931527572468931
965712438748396512213845769372451896159628374486937251631274985894563127527189643
967835421518642973324719856456273189893561742271984365649357218735128694182496537
967835421518642973324179856456723189893561742271984365649357218735218694182496537
869712354457639812123845796741598623936427581285163947312986475594371268678254139
975623841146875923382914567294156738751238694863497215427389156539761482618542379
786923541145867923239145786928631457451792638673584192317259864894316275562478319
786923541145867923239145786928631457453792618671584392317259864894316275562478139
792863541516497823384125769259716438438952176671348295145679382867231954923584617
932476581618952473745138629571329864294685137386741295459263718127894356863517942
923765481168942573745831629596123847217584936384679215451297368672358194839416752
263589741945617823187234956714326598526948317398175264679851432852463179431792685
687312945459678312213945768731586429842139657965724183198263574326457891574891236
267594813984361572153278946642985731318726495579143268836457129791832654425619387
167392845945678312283145769359726481418539276726814953891257634634981527572463198
821546973597381642634927158459268731286173594713495826172839465368754219945612387
821546973579381642634297158452168739186973524793425816217839465368754291945612387
938516472456287391712934865241869753897153624563742189125478936674395218389621547
938516472456287391712934865241869753897153624563742189125478936684395217379621548
498615372635287491712934856241859763987163524563742189126478935854396217379521648
972586413465371892813924657634157289291638745587249361759462138326815974148793526
521683974789451362634927851473168529958342716162795438316879245297514683845236197
896712435574396812123845679461537298389124756257968143942673581735281964618459327
651723984497581362823649157342895716978164235165237498539478621786912543214356879
986321754475968312123745698762184935539276481841539267317892546254613879698457123
875623941146895723392714568289156437451237689763489215927348156534961872618572394
875932461691874523324156789732591846946283175158467392583649217419725638267318954
785632941461579823923184675598426317614357298237891456379218564156943782842765139
721583469965471832834962157348125976517639284692847513479358621256714398183296745
267594813984361572153278946642985731318726495579143268836457129721839654495612387
721583964569471832834962157358127496917634285642859713475398621296715348183246579
572816943486973512913245678358194726241687395697532184724369851169458237835721469
185762943946385712273194568852476391419253687637819425361927854798541236524638179
497526813568371942123849756239458671614297538875163429346782195782915364951634287
276819543485367912913245687529431768641758239738926451852194376367582194194673825
987436521651982743324751698549368172172594836836127459215879364463215987798643215
879623541651497823324815976198236754437589612562174389285361497946752138713948265
152736849876491523394258671943567218627819435581342796469175382718623954235984167
248567931596831724173294865987615342314782659625349178761428593459173286832956417
789621345564937812123845769895316427416278953372594186241759638637482591958163274
573862941869147523214395768392581476781426359456739182947218635638954217125673894
573862941869147523124395768392581476781426359456739182947218635638954217215673894
986721345547369812123845697294136758318574269765982431439257186671498523852613974
964821735578369412123745698295186347817534269436972851349258176681497523752613984
941728365857693412263145897638579124529314678714862953472936581395281746186457239
789362541651748923324195678893526417265471839417983256578219364136854792942637185
629754813754381962183962745948627531512493687376518429297836154835149276461275398
683972541795418623214356978568127439429583167371694285947235816132869754856741392
549672831167938425283145796395724618418563279726819354831256947974381562652497183
863945721519782643724163958198576432347219586256438197932657814475821369681394275
492876531657391842183245796345712968916538427278469315864153279729684153531927684
132784659687951423945263178598146237721539864364827915416395782873412596259678341
762983451518674923934215678491326785685741392327859164849537216273168549156492837
762483951518679423934215678491326785685791342327854169849537216273168594156942837
573862941689147523214395786897216435425973618136584279942638157351729864768451392
987526413645381972123749568568412739792863145314957286439278651276135894851694327
685423719749681352123957648451398276837246591962175834274839165396512487518764923
452867913896341752713259648231785496567924831984136275345672189128493567679518324
632879451578641923914235876893126745745983162126754389469518237281367594357492618
732684951568971423914235678493126785685743192127859364849517236271368549356492817
632479851579681423814235976493126785785943162126758349968514237241367598357892614
732689451568471923914235678493126785685793142127854369849517236271368594356942817
385692741619847523274135689567921438493786215128453976952378164736514892841269357
297846513684351972153972648941263785825497136736518429572684391319725864468139257
759821634846397512123645789612784953985132476437956821561279348394518267278463195
241598673659371482873624951798162534516483729324759816932847165185936247467215398
986712354475386912123945687358194276241637895697528431512869743769453128834271569
512963874786451932934782156347298615829615347165347298478136529251879463693524781
261598473954371682873624951748162539519483726326759814632847195185936247497215368
512963874786451932934728156347892615298615347165347289479136528623584791851279463
976821345854397612213645789325468197748913526169752834597184263431276958682539471
912583467765941382834762951476238519581479623293156874329815746157694238648327195
789321645465798312123645879831567924592184763674239581916852437347916258258473196
492857631586391724713264859974612385365978142128543967651489273837125496249736518
597263418486591372123748956365479821941825637278316549652937184814652793739184265
458637921976512384123984756315429867694178235287356149532761498841295673769843512
217653984568491732934782156492815673681347295753926418325169847146578329879234561
786932451591784623234156987465327819817495236329861574943278165158643792672519348
658921734493675812721834956184592673935467281276183549517249368369718425842356197
849762531156839724273145689598623417317498265624571893962354178431287956785916342
856792431471836925293145678948623517317589264625471893762354189539218746184967352
791524683586391742234867159928713564315946827647285931469152378172638495853479216
428753916597461382613289547946832751835617429271594638762348195389175264154926873
428793516597461382613285947946832751835617429271954638762548193384179265159326874
928743516547961382613285947496832751835617429271594638762458193384179265159326874
921563784578491362634827159415639278769248513382175496893752641256914837147386925
512473869967581342834269157398724516726158934145936278459612783681397425273845691
726534981958712436134869725413985267892671543675423198349158672587246319261397854
597812643846379512213645798185463279972581436364297851659738124738124965421956387
967812534854396712213745689531487296678529341429631875742168953395274168186953427
641325987859761342273849156592684731416973825738152694384216579127598463965437218
986721354745693812123845967357916428419238675862574139238159746674382591591467283
856921734943578612172634598294815376567493281381267945725149863438756129619382457
987621345654793812213845697761589423395462781428137956132978564876254139549316278
459736281816952437723184695981345726345267819672819354234691578168573942597428163
837692154569481723214753689198274536623519847745368291972846315486135972351927468
912835674576941382834726159691378425387452916245169738459217863128693547763584291
597682341416397528823145967648921753139756482275834619351269874784513296962478135
957682341146397528823145697468921753319756482275834916531269874784513269692478135
721853694589641372634927158192784536365219487847365219478136925253498761916572843
712538964896471523345962781451897236673254198928613475534789612167325849289146357
712438659869571423345962781691857234573294168428613975934786512157329846286145397
647821953958367412213945768536719824192684375784253196875496231321578649469132587
647821953859367412213945687536719824192684375784253169965478231321596748478132596
961284573547931862823765149752698431184357926396412785438129657679543218215876394
951428763486371952723569148642957831835142697197836425379214586564783219218695374
467528391538691742291734856982465137315972468674183925749216583123859674856347219
769382451851647923234195768493826517618574239527931684382769145176453892945218376
792681534456739812813254697261978345389425761574163928925846173137592486648317259
912563784567841932834279156358496271296715348741328569479632815625187493183954627
769382451851647923234195768493826517618574239527913684182769345376451892945238176
567921843498376512123845769732489651914657238685132974359264187871593426246718395
567921843948376512123845769792584631314697258685132974459263187871459326236718495
712593846695481732834726159356948217479152368281367594923675481167834925548219673
853947261791862435624351978437289516219675843586413729968124357145738692372596184
826751934457936812193824675761249358248513769935687241579162483382475196614398527
692571834574836912183294657748915326319762548265348179831429765927653481456187293
682571934574936812193284657849715326317862549265349178931428765728653491456197283
512394786769851342834267951473129865928536417156748293687413529395682174241975638
751982643649357812283164795398215476475693281126478539837529164514736928962841357
486732591571968342923145876397826154618594723254371968165487239732619485849253617
471625983958341672623789145832974561194568327567132894349216758786453219215897436
352796841967481523184325967579134682438672159216958374843517296621849735795263418
978321645465978312123645798597213486612784953834569127259136874341857269786492531
853476291697812543124359786938521467412637859765984132249168375376245918581793624
732869541965741823814235679543126798687493152129578364498617235271354986356982417
572961834468357912913824765291438576354679281687215493825196347139742658746583129
972361854468597312513824769291438576354679281687215493825146937139752648746983125
186732954745689312293145687359827461417596238628314795971253846864971523532468179
986721345754639812123845967347916528519283674862457139238194756695372481471568293
837912546569478123124356789751694238483125697296837451942781365618543972375269814
387912564569478123214356879751694238843125697926837451692781345438569712175243986
387912546569478123214356879751694238843125697926837451492781365638549712175263984
821754693576931482934286751692147835413568279758392146387625914169473528245819367
412856973567931482983724156158269347234517698796348521621485739375692814849173265
612594873579381642834627159496715328251863794783942516348159267127436985965278431
612594873579381642834627951496715328251863794783942516348159267927436185165278439
621574893579381642834692751496725318182963574753148926348257169917436285265819437
612574893579381642834692751496715328281963574753248916348159267927436185165827439
251763894947851362683249751736915248819426573425387619392574186178692435564138927
476823915985471362213569847831794526624158793759632481592346178368917254147285639
926548713485731962173692548261987435739425681854163297592314876347856129618279354
768912543945387612123645987892451736637829451514736298259173864386294175471568329
571862943846739512293145687958623471317498256624517839762354198439281765185976324
957643821814952367623781945792416583538279614146835279469327158381564792275198436
925473861678591342134628975561284739497135628283967154349712586712856493856349217
796823451485671923132945786924136578563287194871594362218359647357468219649712835
768923541951467823324815679482791356579386412136542798647139285295678134813254967
759821643846397512123645798612784935985132467437956821561279384394518276278463159
921783546687451923345962187538679412174528639296314875719246358453897261862135794
859612734764398512123745869386479125541283976297561483972156348615834297438927651
765821934943567812128934765259716483637485129481293657894152376312679548576348291
912685743567341892834279165349517286781426539625893471496752318158934627273168954
584792631671385924293614587965271348317948256428536719836427195742159863159863472
283794651957681423164325798571432986649817532832956174395168247418279365726543819
382794651957681423164235798571423986649817532823956174295168347418379265736542819
492658731158937624763214859639781542584362917271549386316475298825196473947823165
786923451495671823132845796824136579563297184971584362217359648359468217648712935
265493871978561342134728965521684739497235618683917254349172586712856493856349127
721563489685941372934827651592674138863215947147389265479156823358492716216738594
826935417594781362173642958751294836432568791968173524247356189319827645685419273
257691384649387512183245679531974826974862153862153497498716235316529748725438961
186372945754869312293145687849623571317458269625791834531284796968517423472936158
846921753957368412123745896498213567365479128712856934239184675674592381581637249
946721853758369412213845697531986724892174365674253189165497238327518946489632571
678352491541879362293614857782935146936241785415786923364597218127468539859123674
283794651957681423164325789571432896649817532832956174395168247418279365726543918
382794651957681423164235789571423896649817532823956174295168347418379265736542918
952683741681472935734951826843519672516724398297836514429368157165297483378145269
867423591951768423324915687472891356589346712136572849648139275295687134713254968
192856743456937812783124659847693521315782964629541387961478235534269178278315496
826539417594781362173642958731254896452968731968173524247396185315827649689415273
246935871859741623173286945914673582562418397387592416738159264691324758425867139
129753846586941372734286951341675289895124637267398514452867193618439725973512468
492817635357946812681253479938574261745162983126389547569738124274691358813425796
972456183645381972813927546437562891198743625526819734761238459384695217259174368
972456183645381972813927546437562891198743625256819734761238459384695217529174368
652937841417568923893214756948172365361495287275386194539621478724853619186749532
421576983698431752753982146934817625812365479576294831287159364349628517165743298
978423651516798234234156897629534178143879526857612943491385762762941385385267419
742968351568317492193245687639782145251496738487153926975831264326574819814629573
941875263837269451652134978785412639314596782269783514196327845523648197478951326
758426913946371582123589746439852671281637495675194328567248139392715864814963257
253678941697412835814935276781596423439821657562743198125389764348267519976154382
926813745584679312713245689871594263392186457645327891437961528168752934259438176
782693451651487923394215786129736845435829617867154392246971538913568274578342169
382697451657481923194235786729316845415829637863754192246973518931568274578142369
928573641156492738734861295381956472567214983249738156415329867872645319693187524
589621734463597812721834965218469573934275681657183249196742358375918426842356197
628971534473658912519234876194725683235486791867193245751842369386519427942367158
527963184946851732813247569359716248682594317174382956465129873791638425238475691
527963184946851732813247569359176248682594371174382956465729813791638425238415697
569732841471896523823145967942368175186457239357921486618279354794583612235614798
752863941689147523314295786167532498593784612428619375941326857276458139835971264
753862941689147523214395786562783419197524638438619275941236857376458192825971364
953762841678149523214385976829453617561927438437618295142836759396574182785291364
721953864658741932934862157549176328387529641216384579492638715165497283873215496
798423651165879234234156879912687345453912768687345912349568127871234596526791483
947285163635971482821634759198752346563419278472863591216548937759326814384197625
294768351756913482183245769539421876867539124421687593948176235315892647672354918
173285964698741523245369718469128357817453296352976841981534672526817439734692185
428761953675938412913245867792514386534687129186329745347156298869472531251893674
628971453745638912913245876536784129492516387187329645364157298879462531251893764
691372845547698312283145796359726481418953267726814953865239174134587629972461538
679382541148576923235194678893625417752841369461937285386219754514763892927458136
529681734467539812813724956291347685345816279678952341756193428134268597982475163
617825394549371682823946751436198275951762438278534916365219847784653129192487563
297861345854379612163245789342916578618537924579428163936182457785694231421753896
736918524498257361152634879981372645245896137367145982529783416613429758874561293
215863497486971523793245861948132756157496382632758149324519678569387214871624935
352698741687541923194372685268935174419287536735416298573869412946123857821754369
867921345945683712123745896239816574614597238578432961356178429791254683482369157
759362841841957623263814759982745316314689275675231498537128964128496537496573182
724683951586719423139245876895136742463872195271594368912357684357468219648921537
758612943643597812291834765862475391315928674479163258536781429187249536924356187
157928364849367512263145897986714253314592786725683149431259678678431925592876431
856427913947381562123569847439152786261738495785694321578246139392815674614973258
897423561156789234234156987612894375549637128783215649928341756475962813361578492
897423561651789234234156987162894375549637128783215649928341756475962813316578492
897423561561798234234156987642839175159674328783215649928341756475962813316587492
512836974978541632634297158483962715726185349195374286867419523351628497249753861
512736984987541632634298751491362875826175349753984216168427593375619428249853167
296837541571942683834651729459763218163285974728419356985374162612598437347126895
897632541564187923123945768648793215935214687271568439419376852782451396356829174
682493751951687423374125986219736845435819672867254319146972538723568194598341267
912387546768541923345269178476128395591473682283956714859734261627815439134692857
813276945657491823924358716465137298278649531139825674591764382386912457742583169
132987645768541923945263178457128369613479582289356714571894236826735491394612857
697854321845132976213769845431276589958341762726985134369417258174528693582693417
897362541615847923324195786943521678158673294276489315469238157532714869781956432
527864913489531672613729458876412539935687124142953786368145297291376845754298361
936782541854619723127345968715826439492531687683974215248157396379268154561493872
237489651681752943945361782568234179712695438394178265459816327823947516176523894
237984651681752943945361782598423176712596438364178295456819327823647519179235864
418625973965371842273849156192453768836792514754168329587236491329514687641987235
897512346465387912123964875972435681351678429684129753548296137716853294239741568
867912543459376812213845796792438651534761289681529437946187325325694178178253964
352976148967481523184253697549632871826714359731598462473869215698125734215347986
257963814946851372183742956439276581765318429821495637692587143318624795574139268
258916734649783512173245869931524687762198345485637291597861423326459178814372956
382659741657841923194372658268935174419287536735416289973568412546123897821794365
293864571568712943174359826941275368782936415635481792359127684416598237827643159
132897645768451923945263871457129368613748592289536714591374286826915437374682159
853672941769148523214395876978423615142856739635719284591237468387564192426981357
612389745879451623345267198583694217927815436164732859731948562498526371256173984
632789145879451623145263798581694237927835416364172859713948562498526371256317984
975328641468971352123645879592713468617284935834569127349157286786492513251836794
652387941749651823183924756498165372315792684276438195921573468537846219864219537
527864913489531672613279458876412539935687124142953786368145297254798361791326845
462798351857631492913254876281569734735482619649317285398126547576943128124875963
635982741894716523127345869918627435452831697763594218349278156276159384581463972
621735894589641372734298156952864731146573928873912465468327519395186247217459683
946782531187536924253194786368921475425367819719458362531279648872645193694813257
245683719698741352173529846739468521851932467426175983982314675317856294564297138
973842651568719423214356897489125736736498215125637948851274369347961582692583174
973862541865741923124395768352914687648573192719628354291436875487159236536287419
875263941961847523324195768152934687648571392739628154293416875487359216516782439
682917534457368912913245786891532467245786391376194258564873129128459673739621845
593728641867491235214356897381569724429173586756842913972634158145987362638215479
587612943649387512213945867921456378836271495475839126368124759794568231152793684
183927645679451823245863179857639412412578396396214758721385964534796281968142537
926547318785391462134862759543928671867134295219756843498275136372619584651483927
912453678865971432734268159471895326389642715256137984597386241148729563623514897
254796813968531742173842956532189674419367285786254391821473569647925138395618427
254786913968531742173942856532179684419368275786254391821493567647825139395617428
571628943648397512293514876982741365435269781716835294354976128127483659869152437
792618354546379812183245796358921467967534281421867935834756129275193648619482573
897521346465387912213964875972435681351678429684219753548196237726853194139742568
546782931871936524293145678958623417364871259127594863439257186715468392682319745
745928631968371542123645879592713468617284953834569127379156284286497315451832796
579328641468971532123645789295713468617284953834569127342157896786492315951836274
793486521568192473214357689841239765325761894976845312682513947437928156159674238
913726845657841923824359716465137298279468531138295674591674382386912457742583169
248379561597861423163245987856713294319482756724596138432158679675934812981627345
765928341948371652123645879592713468617284935834569127379156284286497513451832796
395682741846971523217345896189724635563198274472563189734216958628459317951837462
569372841147968523238145697395826714671453289482719365814237956726594138953681472
268495713745361982193278456821739564936154278574682391652847139319526847487913625
692584713587931462134276958718625349459813627263497185345762891921348576876159234
287916354645738912193245678356891427419572863728364195832159746974623581561487239
197826345645793812283145679356912487419578236728364951831259764974631528562487193
196827354745693812283145679358912467417586293629734185562478931831259746974361528
587612943649387512123945867912456378836271495475839126368124759794568231251793684
926547318785391462134862759543928671867154293219736845498275136372619584651483927
371824956856791423294356178468179235539682741127435869943268517715943682682517394
651972843947368512283145769839726451416593287725814936368259174194687325572431698
591672843647398512283145796359726481418953267726814935835269174164587329972431658
651972843947368512283145796398726451416539287725814639869253174134687925572491368
561972843947638512283145769358726491416359287729814635895263174134587926672491358
651972843947368512283145796839726451416593287725814639368259174194687325572431968
123978654768451923945236871692315487534782196817649235389167542451823769276594318
123795684697481523845236197459812736738649215216573849571924368982367451364158972
978423561516789234324156987162894375459637128783215649297341856845962713631578492
978423561561789234324156987612894375459637128783215649297341856845962713136578492
978423561651798234324156987462839175519674328783215649297341856845962713136587492
792618435456379812183245796845921367967534281321867954238756149574193628619482573
647915283539287461182634759761498532298563174354721698826159347413876925975342816
698273451751946823324185697472598316985631742136724985249357168563819274817462539
958362741146597823273814695791285364364179258825436179539621487687943512412758936
285734691671982453394156827128367549546819732739245186853621974417593268962478315
564729381978361452123845796719436825852197634346582179635218947497653218281974563
123789645679451823845362971581624397736918452294573186962147538417835269358296714
627845913948631572513792846365179428892354167174286395439527681756418239281963754
623987145987451623145263879516324798839716452274598361791842536458639217362175984
142568793567931482893274156359186274421759638678342915734695821285417369916823547
276918345845673912193245876357821694419536287682794153738152469964387521521469738
178926354645873912293145678357612489461589237829734165936257841784391526512468793
278916345645873912193245678357621489462589137819734256936157824784392561521468793
817523694695481372234796158342175986589264731176938425921847563468359217753612849
723895614689471523145263897591687432236514978874932156467359281912748365358126749
639827154875491623214356798491582376526713849783964512152648937967235481348179265
978423561561798234234156978647839125152674389893215647729341856485962713316587492
931527648768491523245836917589314276627985431314672859476159382892743165153268794
987126345564389712123745869392574186618293457745861293436917528259438671871652934
129783546687451923345962187538679412471528639296314875714296358953847261862135794
835794621679812453124356987293167548546983712718245396351629874487531269962478135
861952743457638912293174856946283571318567294725419368534726189672891435189345627
851672943467359812293814756946283571318567294725941368672198435534726189189435627
951672834647358912823914765496283571318567249275149386534726198762891453189435627
851672934647359812923814765496283571318567249275941386762198453534726198189435627
951672843647358912823914756496283571318567294275149368534726189762891435189435627
851672943647359812923814756496283571318567294275941368762198435534726189189435627
986321754745689312213745896359872461461593287827164935138257649674918523592436178
976312854845679312123845796359728461461593287287164935738251649614987523592436178
742685931689371524153924786938716452271458693465239178596843217317562849824197365
542896731687351429913724685875132946431967852296485173364218597128579364759643218
862971534459638712173245968321584697594762381687193245735816429216459873948327156
967521843345978612812634759489715326571263984236489175623147598194856237758392461
647952831953168724281734695839576142126489573574213986792641358418395267365827419
976821543348956712251734689762489351489513267135267894593178426817642935624395178
476823951518796423932145678789512364251364789643987215327458196165239847894671532
576823941418976523932145678789412365251367489643598217325784196167239854894651732
287651934465397812193824576349185627618732495572469183736518249951243768824976351
369482751581976423274315968892537614715864239436291587648129375157643892923758146
847569321965312487213748956639851274471236598582974163358127649194685732726493815
832974561579612483164853927981537246725461398643298715356129874218745639497386152
751692843946853712283174659839215476675349281124786935397528164512467398468931527
951682743486937512723145689579824361318796254264513897132468975695371428847259136
251967483478531962693248157739814526164352879825679341946125738317486295582793614
461972835957638412283154769849215376375496281126783954638529147512347698794861523
769283541854617923321945786285136479647592318913874265172369854436758192598421637
962751843547638912183924765678195324319842657254376189721583496496217538835469271
651872934498563712723194856862945371145237689379618245536721498987456123214389567
761852943498673512523194867842965371135247689679318254356721498987436125214589736
546793281971582634823641957734915862152876349689324715265139478397458126418267593
978423651651798423324156789489237165732561894516849237265374918197685342843912576
671952834459836712283174695892645371365721489714389256947563128536218947128497563
623759481798412563145836927931247658462581379857963214576398142219674835384125796
592716843746358912813924675984163527365872194127495368451637289638249751279581436
589364721147592836263817945972458613438671259651239487896143572325786194714925368
579463821148592376263718945932854617487631259651279483896147532314925768725386194
425763918867491352913258746651932874349875621278614539792346185134589267586127493
871952634456837912293164785948215367367498251125376849712583496534629178689741523
286951743745836912193274685379185426514692837862743159638519274951427368427368591
251763498748951362693842751826415937319276584475398216932684175184537629567129843
924387561857961342163245978496813257518672493732594816389156724675428139241739685
912546873675381942834927156498763215726158439153492687367214598581639724249875361
527961834468537912193824765941672358832495671675318249759183426384256197216749583
462758931597631482813294765741982356256473819389516274938125647675349128124867593
582961734467538912913274865658742391291385476374619258749126583125893647836457129
892561734467839512513274968659742381281395476374618259745126893128953647936487125
842963715756481932193725846937642158564198327218537469421876593685319274379254681
621739854587461923934852176173594268869273415245618739792346581456187392318925647
897521634643978512125634897289715463536249781471863259954182376368497125712356948
761582943849637512253194786982375461415869237376421859537218694694753128128946375
184526973965371482273948651592813764436297518718465329847632195351789246629154837
978432561615789423324156879159824637463597218287613954741268395536941782892375146
297561834465837912183294756834915627619372548752648193971426385328759461546183279
278931546596487123134256798683792415759143862412568379941325687825674931367819254
521984673687351492934726158463198527879265341152437869395842716216573984748619235
562781934487359612913264758398125476674893125125647893251478369746932581839516247
846521937957368412123974865269715384318492756475683129532149678791856243684237591
835497621791562843624138957479821365216359784583746192952673418147985236368214579
167952483459837612283164795632481579891576324574329168746293851328715946915648237
971825463854361792623749158182597634749236815365418279416952387538674921297183546
512693874689741532734852169951276348348915726267438915475369281126587493893124657
875923461961478523324156798452837619718692354639541287296314875147285936583769142
856712943743986512129534867984627351235148796671395284512863479368479125497251638
