273964851469158723185273469821346597546792318397815246718529634632481975954637182
273964851469851723185273469821346597546792318397185246718529634632418975954637182
746921583935876412182534769894215376567493128321687954253169847478352691619748235
512746983698531742734289156987124365425673819163958427349862571856317294271495638
276389541581746923934125678458962317712853469369471285893614752145297836627538194
382976451765841923194325768853214697417569382629738145548193276236457819971682534
786243951519687423234195786643718295958324617172956834425871369861439572397562148
639874251857912634124356789348521976571698423296437518415763892982145367763289145
672483951158769423394125876947316582521978364836542197783291645465837219219654738
876921453954368712123745896432196587615872934789453261398214675267539148541687329
562783941178469523394125867957314682421678395836952174783291456645837219219546738
675392841891647523234185679583926417426871395719453286342519768967238154158764932
168327945754698312293145786842973561519462837376851294435786129621539478987214653
657281934984736512123954678279815346345692187816347295798523461531468729462179853
539762841746918523281534697672395418958147236413826759894271365367459182125683974
567493821894512367123678945472835619359146278618927534946381752231759486785264193
467593821859412367123678945572984613394156278681327594946831752235749186718265439
467583921958412367123679845572894613394156278681327594846931752239745186715268439
467593821859412367123678945572834619394156278618927534946381752235749186781265493
671295834945837612823164597452613789389752461167489325794328156218546973536971248
921754863567831492834269157496125738183476925752983614678392541319548276245617389
912654873567831492834279156479125638158963724623487915786392541391548267245716389
821564793596371482734928156972836541318457629645192378489615237157283964263749815
812564793569371482734928156927836541381457629645192378498615237173249865256783914
687932541459187623213654789968213475521746938734598216192375864346829157875461392
892657134576341892134298657763924581481765329925813476319482765248576913657139248
976238541481756923523914687739625418264891735815473269348567192652189374197342856
846392571791658342253714689912463857538127964467589123325841796184976235679235418
582637941679481523314952768458123697793846215126795384931274856247568139865319472
895612743347958612162734859218493567536827491974165238651279384789346125423581976
467583921985412376123769845531894267792635418648127593819256734276348159354971682
867453921459182376123769845531894267792631458648527193985216734276348519314975682
468953721795142386123867945531794268842631579679528413954216837286379154317485692
768321945945678312123945768396857124257413896814296573581762439472539681639184257
456397821189542736273861945734915268962784153518623479841256397395478612627139584
456397821189542736273861945834915267962784153517623489741256398395478612628139574
641872539578639412293145876354926781789314265126758943912467358837591624465283197
679321854854769312213845976186572493947638125532194687361287549425916738798453261
678921345954763812123845697391576428847392156562184973239617584415238769786459231
986321754754869312213745986691583427348672195572194638167238549425916873839457261
874923561951768234362145798495236817618574923723891456286357149149682375537419682
749823651851697234362145987985234716417569823623781549274356198198472365536918472
698721354754836912213945687982573461341682795576194238137268549425319876869457123
897621354654739812213845976372568491941372685568194237136287549425913768789456123
678921345954763812123845697892576431347198256561234978239617584415382769786459123
876321954954768312213945876182573469347692185569184237691237548425816793738459621
847652931156379824293814765469283517318567249725941386672198453534726198981435672
281953674765481392934627158417238965659174823823569741572816439398745216146392587
748952631951367824263184759482793516697521348315648297539476182126839475874215963
846975321157432986293681745531849267962157438478263519714526893389714652625398174
692781543547639812813245796385916427479328165126457938251864379734592681968173254
872639451456817923931245678283196745645378192197452836524761389768923514319584267
678921345954736812213845697891573426347692158562184973139267584425318769786459231
792834651456192783813567249928745316547316928631289475184623597265971834379458162
475216893386957241912834567691785432238641759547329186764198325153462978829573614
475216983396857241812934567681725439239641758547398126764182395153469872928573614
476912835958376412213845769521489376349657281687231594832164957195728643764593128
962874351415632978783519642341287596296345817578196234639421785854763129127958463
986273451715684923234195687673518249459326718128749536842961375561437892397852164
632984175598671423714352698345869217987125346126437859851296734273548961469713582
563297841798641523124385697245916738936478152871523964457139286319862475682754319
891257643746983512523164987682745391315829764479631258934578126168392475257416839
267981534845637912193524786389165427514792863672348195736419258958273641421856379
751892643649357812283614795498125376375946281126738954534279168817463529962581437
786243951915687423234195687673518249459326718128479536842961375561734892397852164
967283541851647923324195687189736452645821379732459168578314296293568714416972835
694328751875961423213745869369412578521687394487593612136859247742136985958274136
756892431481736925293145687947623518318579264625481793862354179539217846174968352
784621539563978412219534786825469371471283695936157824157842963698315247342796158
863472951517869423924315687459126738782943516136587294645238179278691345391754862
763492851519768423824315697458126739972843516136957284645239178381574962297681345
795832641681497523234156789523781964968243175147965832852379416416528397379614258
792651843648937512153824796439185627815762439276493185987316254324578961561249378
782651943946837512153924786439185627615792438278346195367418259824579361591263874
792651843648397512153824796439185627815762439276439185387916254924578361561243978
792651843648397512153824796934185627815762439276439185387916254429578361561243978
792651834648397512153824796934185627815762349276439185487916253329578461561243978
782694513465731982913258647621847395349562871578319264897425136156973428234186759
295671834743958612168234597984715326532496781671823459856149273317562948429387165
265781934843695712197234568954816327632457891781923456576149283318572649429368175
975623841164987523328145697459836712712594386836712954247358169593461278681279435
275638941846719523139245786394572168582164397617893452928357614751486239463921875
798621534465389712123745896357916428614278953289534167832157649941863275576492381
784623951156897423239145768815374692942586317673912845367259184591438276428761539
849726531751398624263145879972584316514637982386912457128463795637259148495871263
679382541851746923324195678793861452548923167216457389982614735167538294435279816
769812543548376912123945786982761354356489127471253698635128479894537261217694835
862934571751862943394157826973521468618493257245786319129648735486375192537219684
765912843984376512123845796592761384836459127471238659659123478348597261217684935
876312945594687312123945867352871694967453128481269753735126489649538271218794536
958271634347596821162834759826915347413627985579483162235169478681742593794358216
952346781687912543314758296891235467425671938763894125579463812138529674246187359
921584673657391482834672159482139765396857214715426938549763821268915347173248596
263479851857162943194385276981754362732691485546823719679538124318246597425917638
751892643946357812283614795892463571365721489174589236439275168518946327627138954
712935684569841732834267159978354261623189547145672893381426975497518326256793418
812935674567841932934267158789354261623198547145672893391426785478519326256783419
781962543645387912293514786962853471354721698178649235436278159519436827827195364
921485673657391482834276159492138765386957214715624938549763821268519347173842596
821579463596341872734268159978136245342957618615824937459683721287415396163792584
781952634546387912293614758932865471468721593175439286354278169619543827827196345
395864271768912543124357896871593462632481957549726138253648719486179325917235684
652891743489367512173524689947185326318672954265943871791256438834719265526438197
295671843648935712173284596951862374382417965764593128439728651827156439516349287
256781943749536812183294657361972584592418376874653129435829761928167435617345298
295671843648935712173284569951862374382417695764593128436728951827159436519346287
256781943749356812183294657361972584592418376874635129435829761928167435617543298
275681943649375812183294576751962384392418765864537129437829651928156437516743298
752891643648357912193264758931428567487615239526973481374589126215736894869142375
591682734486735912273194685924851376718346259365927841859463127132579468647218593
283796541956481723174235689395172468718964352642853197429517836861349275537628914
962187543745963812183254796394675281216498357578321964437519628829746135651832479
951672483486539712723184659562317894349825167178946325895763241217458936634291578
951672483486539712723184659562713894349825167178946325895367241217458936634291578
132957864796841523845362719487135296519628437263794158651483972928576341374219685
562379841978641523134285679856713492341962785729458136495836217217594368683127954
521496873687531942934827156398154627456972381172683594719348265265719438843265719
762951834845367912193824765289135476316742589574698123951273648438516297627489351
798321654456978312213645798849213576367459281521867943934782165182596437675134829
984623751165789423237145698391578264426931587578264319812357946643892175759416832
785923461196478523324156978431682759967345182852719634543861297219537846678294315
657328491948651372123974685792143568514867239836592147369715824285439716471286953
891425376567391842234768951972684135413952687658137294325846719186579423749213568
285791634734856912196234785849123576367548129512967348453672891621389457978415263
863927541957461823124835769285196437419783652376542198641379285738254916592618374
472851396985637412613294875591468237867123549234975681349516728726389154158742963
321789654679541823845263791932816475518472369764935182496157238157328946283694517
312879654697541823845263791928716435574932168136485279469157382751328946283694517
863972541579418623124635897796253418431896275285741936648327159917564382352189764
867392541541768329923145867318576492459821736276439158635217984782954613194683275
846972531597318426123645798359124687768593214412786953974231865235867149681459372
837249651591786423624135987345817269916524738278963514763451892452398176189672345
938742651571896423624135798745918362316524879289367514862451937453279186197683245
928347651571896423634125798745918362216534879389762514862451937453279186197683245
263978541785461923194325786941786352537192864826534197652817439419253678378649215
281374965476951832953268741834129576692537184517846329349712658768495213125683497
281374965476951832953268741834129576692537184517486329345712698769845213128693457
792368451856491723134275896945716382328954167617832945481527639563189274279643518
652981734487536912193724658871452396234697581569318247946873125328165479715249863
762591834498637512153824769981265347235748691674319258547983126329176485816452973
612945873578361942934872156485729361193586724267413589726138495349657218851294637
723596841691482573845713296912835467536974182478261935389157624164329758257648319
942567831768391524153284769894125376376849152215673948539416287421738695687952413
932876145567491823814253697791645238453782916286319574349168752625937481178524369
812574963569381472734962851495617238186243597273895614348156729627439185951728346
712594863569381472834762951475619238293875614681243597348156729926437185157928346
798321465654987312123645789942813576367459128581276934835792641279164853416538297
854972361396815472127634958718429536435168297962753814573281649689347125241596783
279568413586431972134792856457923168391687245628154739943875621815246397762319584
952673481847591362163824579296145738315768294478932615539417826781256943624389157
942578361857631492163924578286145739315769284479382615538417926791256843624893157
842579361957631482163824579296145738418763295375982614539417826781256943624398157
582973641976412583134568297491735862657824139823691754718359426365247918249186375
862493571175862943934157286489631752516724839723589614697318425358246197241975368
472985631685731924193264587267849153319572468548316792951428376836157249724693815
812397645796451823345286791539672184481935267627148359964723518153869472278514936
572693841946817523813245769359784216621359478784162935468971352137528694295436187
427861953698537412513294768935672184842915376176348295354189627789426531261753849
875293461146857923392164587289315674461972835753486219927538146538641792614729358
897321645654978312213645798948713526325496187176852439539187264781264953462539871
958621743764389512213745869549816327326457198187932456635198274891274635472563981
624738591578691342913245786459316278286574913137982465341857629892463157765129834
927836541548971623163524789489215376376498152215763894654189237832647915791352468
915823674784561932623749158561498327398257461247316589852134796439672815176985243
647385921859142673213976845972853164361294587485761392734619258198527436526438719
946728351573961482812534967761452839235896174489173625398217546124685793657349218
746928351593761482812534967961472835235896174487153629378219546124685793659347218
352876491687941523194235867879314652435762189216589374921458736563197248748623915
685927431947831562123645978369518247418276395752493816236159784591784623874362159
568921734349687512712534869891476325234815697675293148957162483486359271123748956
791852634486397512253614798835761249149285376627439185574128963968573421312946857
753692841619487523284135796598213467471569238326748915967821354842356179135974682
782963451495718623316245798124836579963571842857492316248359167531627984679184235
542769381768351942193284576681492735425837169379615824937126458214578693856943217
568732491741659832293184675382491756957326148416578923125847369679213584834965217
798263451165479823324185967982734516537691284641852379253917648476328195819546732
859632741146879523273145986391526478465781239728493165987354612514268397632917854
849632751156879423273145986391426578564781239728593164987354612415268397632917845
425768391783915462619234785264389157591647823378521649947853216836192574152476938
654937821971862453283145976748253169162794538539618742397586214415329687826471395
768932451951874623234156798389245167417693582526718934172369845643587219895421376
872964513465381972913527648729845136536192784184673259251439867398716425647258391
973628451456971823182345679849216537637459182521837964295764318764183295318592746
751692843684537912293814756942761385518943267376258194839475621467129538125386479
728963541965148723314725896293457618851639274476281359142376985539812467687594132
894732561157698423326145897915324678462871935783569214638257149241983756579416382
768932451951874623234156978389215764417693582526748139192367845643589217875421396
458972631736518942291634875849125367567349218312867594175296483624783159983451726
796823541541697823382145769859234176417986352623571984274359618135468297968712435
867923541945167823312845769159234687478691352623578914284359176596712438731486295
769823541541967823382145769895234176417596382623781954274359618136478295958612437
765923841941867523382145769859234176417596382623781954274359618136478295598612437
462578931957361842183924756298415367514736289376892514639187425841259673725643198
465782931817395642923164587652813794394257168178649325731928456246531879589476213
726519834493678512518234976287456391965183247134792685351827469679345128842961753
876932541451678923923145687142396758395817462687254319718463295569721834234589176
876923451451768923923145687539271846617854392284639175768412539342596718195387264
289347561651892473734165289468951327593274618172638954927513846816429735345786192
269347581751892463384165279648951327593274618172638954927513846816429735435786192
276348591851962473394175286649751328523486719187239654768513942915624837432897165
269347581751892463384165279648951327593274618172638945927413856816529734435786192
289347561651892473734165289468921357923574618175638924597213846816459732342786195
269347581751892463384165279648921357923574618175638924597213846816459732432786195
649357281751892463382164579568921347923475618174638952497513826816249735235786194
259347681761892453384165279948521367623974518175638924597213846816459732432786195
746358291851962473392174586679241358423586719185739642568413927917625834234897165
746358291851962473392174586679421358423586719185739624568213947917645832234897165
672581934945637812183294657396742185524816793817359246751468329238975461469123578
672834951519672843834159276483215769126987435795463182967341528248596317351728694
758621934634957812291834765462518397815379426379246158947162583586493271123785649
258437961176982543394651827519863472632749185487215396741396258825174639963528714
963874251857612943124359786395721468218463579476598132649185327732946815581237694
532674981867912543194853726259731468618495372473268195346189257725346819981527634
982751634457639812163284759796143528518972463234568197849315276625497381371826945
276951843945386712183724659894175326317692584562438197431569278658247931729813465
921584673657391482834672159496837215382159764715426938549763821268915347173248596
286751943947386512153294687872913465514862739369547128438175296625439871791628354
981425673567381942234967158712638495349152867658794321475819236196273584823546719
938742651571698423624135789745819236316527894289364517863451972452973168197286345
912835674578641392634297158869754231145362987723189546357416829491528763286973415
516273984789641532234958167342165879691827345875439216457382691163594728928716453
521743896679851432834269157348192675192576384765438219487615923253984761916327548
652871934847359612193264758781543269324697581569128347938715426416932875275486193
479365821516482397823791645341956278795248163682173954167539482258614739934827516
732984651698571423145263789567129348913458267284736915429817536371645892856392174
863527941745691823291834765958216437124973586376458192619345278437182659582769314
956821734347596812812734659469375281285419376173268945791653428528947163634182597
257683914648591372193742856871235469539467128426819537962358741384176295715924683
468795321591432786723816945379581264685274193142963857916358472257149638834627519
869435721574182396123967845317594268695278413482613957746359182258741639931826574
873526941659471823214938765982347516745162398136895274521784639368219457497653182
469835721518742396723916845374591268695278413182463957846359172257184639931627584
784956321165372894293148756342815679859627413617439582536791248421583967978264135
179832654856491723234756819963127548421385976785649231398274165517963482642518397
952678341847391526163245798398526417415739682276814953734982165629153874581467239
758923461961847523234156987413792856892365714675418392549271638187639245326584179
827935614564781392913246758271493586398652147645817923486579231152368479739124865
976823451158749623324156879743962518615384297289517346431298765892675134567431982
781256934946387512253194678439865127812739465675421893128643759397518246564972381
278961354945387612163245879759816423316524987482739165637192548824653791591478236
179832654856491723234756891913627548427385916685149237342978165568214379791563482
683942751951867423274135968739286514465371289128459376347628195516793842892514637
859732641174968523362145897483296715591874236627513489246359178735481962918627354
256398417984571362173264958861427593745139826329856741432715689597682134618943275
257961834948537612163824795892143576615792348374658129539416287726389451481275963
862973451759614823314825967478361592125789346693452718586147239237596184941238675
982637541765481923134925786578193462419762835326548179697314258241856397853279614
826934571571862493934175628418296357693751284752483916167329845389547162245618739
276438591895761423314952768648379215152846937739125684587293146423617859961584372
296751843748396512153824679872165394319487256564239781937618425681542937425973168
296751843748396512153824679872615394319487256564239781937168425681542937425973168
985621743743598612261734958129346875856917324374285196632159487417862539598473261
612945873578361942934872156485729631193586724267413589726138495349657218851294367
687253941415697823932814567798125436541736298263948715126589374359471682874362159
593786421487912635162345978871429563254863197936157842349578216618234759725691384
963247851587196423124385796841523679675419382239678145752831964396754218418962537
395672841876149523214385967458216739927453618631798254183527496762934185549861372
653892741947615823812374596795236184381549672264781359128953467476128935539467218
912573846578641932634829175749136528386254791251987364495768213123495687867312459
697521834458397612213684759365742198982135476174968325821479563539816247746253981
962581734548397612713624859635742198897135426124968375281479563359816247476253981
896273451751468923324195867935841672267539148418627395643782519582914736179356284
786921543934587612152634789893215476567349821421876935245763198379158264618492357
857921643346875912291634758765489321489213576123756894972168435518347269634592187
874529631365781942219634875793145268641872593528963417186297354937458126452316789
378946521596172843214385967152693478943718652687254319861537294429861735735429186
512648973679351842834792156498275631153986724267413598726139485345867219981524367
875293461146857923392164587289315674751486239463972815927538146538641792614729358
981672543547398612623145789358921476479586231216437958732864195194253867865719324
981627543547389612623145789358912476479568231216473958732856194864791325195234867
457982361619537428283614975938175246746823519521469783364291857175348692892756134
976832451145697823283145967594316782862754139731289645358961274417528396629473518
652437981971682543834159627467213859329865174185974236243591768716328495598746312
382976541765481923194325786821594637649713258537268419953147862216859374478632195
352976841796481523184325769921754638548613297637298415863147952215869374479532186
782654913465391782913287645821945367379862154654173829598436271146729538237518496
769352841541867932823914675498231756352786419176549283215498367687123594934675128
569823741481796523732145698153672984897354162246918357974261835628537419315489276
426897351781356429953214876392785614578641293614932785237569148165428937849173562
592736841648591723173284569981642375365978412724315698439827156816459237257163984
687532941451769823923184765894213576315647298276958314539426187142875639768391452
247586931851937624693214758482693517365721489719845263538469172174352896926178345
965328471487691523132745689394216758658973142721584396243867915876159234519432867
762581943945367812183924756398215467451736298627498135236179584579843621814652379
798432561165789423234156978983214657426578139571963842659321784347895216812647395
426897351781356429953214876392785614578641293614932785837569142165428937249173568
942837561768591423153264789489615372315972648276348195631489257597126834824753916
439761852276845931815923647941578326623419578758236194384652719197384265562197483
854726391367591482129834765943215678578463219612978534281647953436159827795382146
759823641681497523234156798842971356197635482563284179976342815418569237325718964
572938461649571823183264597497315682315682749268749135731496258856123974924857316
642587931957316824183924657836741592521839746479652318394178265715263489268495173
642587931957316824183924756836741295521839647479652318394178562715263489268495173
352786941786941523194325687961257438278439165435168792549812376623574819817693254
896752431415836927723194685978621354351489276264375819139267548642518793587943162
746582931358917642291634785839125467567493128412876593173269854625748319984351276
458972631736518942291634785849125367567349128312867594174296853625783419983451276
456972831739518642281634795948125367567349128312867954174296583625783419893451276
439672851765918342281534976948123567357469218612857493173295684524786139896341725
652938741479651832813724569394215678786349125125867493241596387968173254537482916
358972641746518932291634875839125467567349218412867593175296384624783159983451726
837962541645817392291534768789123456356489217412756983163295874524678139978341625
756832941491756823283194657872965314319478265645321798964587132538219476127643589
258963471794152368613847952431578296965421837827639145542316789186794523379285614
258369471794152368613847952941578236365921847827634195532416789186793524479285613
258369471794152368613847952431578296965421837827693145542916783186734529379285614
678912543354876912129534678793265481541387296862149735915728364286493157437651829
398672541675148923214395687581926734927483156436751298142537869869214375753869412
398672541765148923214395687581926734429783156637451298172534869846219375953867412
849726531751398624263145879972584316415637982386912457128463795637259148594871263
459726831671358924283914675942675318365891247817432569738169452124583796596247183
549726831671358924283914675492675318365891247817432569738169452124583796956247183
781932564695481723324756891438295617519673482267148359153824976946517238872369145
247568931865391724193274865459716382316842597782935146634159278578423619921687453
825791643476385912913264578581476329239158467647923185794632851368517294152849736
985721643476395812213864579591476328832159467647283195724638951369517284158942736
571286934846935712293174658725863491439751286168429573982617345657348129314592867
982651734456739812173284659697143528518972463234568197849315276725496381361827945
847521936356798412192634758934215687568473129721986543275849361419362875683157294
754921836936587412182634957849215673567493128321876549295748361418362795673159284
521946873897531462634287159482159637163872594759463281916325748378614925245798316
758921436436578912192634857849215673567493128321867549284759361615382794973146285
128735964976481523345269178617528439583974612294613785839147256461852397752396841
921485673657391482834276159486937215392158764715624938549763821268519347173842596
372648591865971234194253687648732159951864723723519468287496315416385972539127846
129735684678491523345268179817529436593674812264813795936147258481952367752386941
512743896679851432834962157348129675291576384765438219487615923126397548953284761
687932541591468723324715896859324617472681359136579284268147935943256178715893462
795238641681947523234156879413782956957614382862395714529473168148569237376821495
897612345546378912213945786932581467651794238784263591425136879369857124178429653
698273541715648923234195876941386752576421389382759164863514297429837615157962438
946823751815679423237145896724936518691587234583214967179358642358462179462791385
958273641716948523234165897421386759569721384387459162893514276642837915175692438
845926713936751482271834659698172345124395867357648921419287536563419278782563194
816295437597341682234768195349172568652983714781456329468519273125837946973624851
912746583685931472734285169496173258127598346853624917378419625261357894549862731
578923461691847523324156879912634758786295134453781296839472615147569382265318947
251873946467591832983246157379128564518467293624935718792354681145682379836719425
123879654796451823845326179458163297931287465267945381619538742584712936372694518
612753984895641732734298156347125869129876345568439271481362597256987413973514628
856729431149853726273164895492518367561397248738246519325971684617482953984635172
891425376567391842234768951972684135413952687658137294325846719149273568786519423
281697543947358612653124789862741395419563278735289461396875124574912836128436957
612753984895641732734928156347215869129876345568439271481362597273594618956187423
951726843478359612263814597732695481846231759519487236694573128127948365385162974
257861943469537812183924765938675124745213689612498357876342591521789436394156278
256871943749356812183924675938465127675213489412798536867542391321689754594137268
751826943489357612263914587832675491946231758517498236674583129128749365395162874
821954763765831492934267815459712638382496157617583924573149286146328579298675341
156982743849357612273164895937215486621478539584639271795823164368541927412796358
895621743734598612126734859942185376581376924673249581267813495319457268458962137
728631945546789312193245876371468259259173468864592731632917584485326197917854623
819732654547896312263145978386479125152683497974521863731268549495317286628954731
651872349947653812283194756394725681576381924128469537762518493839246175415937268
823746591576891423914235876489523617652178934137469258398612745761954382245387169
968743251751682943324195768475836129639271584182459376843517692297364815516928437
845723961176859423392614587284135679751986234963472815527398146438561792619247358
845723961176589423392614587284135679951876234763942815427398156538461792619257348
896721534734658912125934768942815376681397425573246891257183649318469257469572183
876293451951478623324156978492837516518962347637541289285319764169724835743685192
276851943849736512153924687982165374317498256564273891738619425691542738425387169
276851943849736512153924687982615374317498256564273891738169425691542738425387169
985724613746391852213856947621478395394562781578139426437285169862917534159643278
857621934649357812123984756982175463574863129316249578265418397738592641491736285
728613945546798312193245876371486259259137468864529731632971584485362197917854623
819723654547869312263145978386497125152638497974512863731286549495371286628954731
283679451756841923194325768831457692549216387627983514962134875478562139315798246
657892431418637925923154768394275186576418293281369547742583619139726854865941372
265497831789361425134258697641973258392586174857124369913742586476835912528619743
786921534943578612152634798894215376567493821321867945235746189478159263619382457
786921534943578612152634789894215376567493821321867945235746198478159263619382457
869273451751498623324165897985324176417956382236781945642539718593817264178642539
976321854458769312213845976192578463847632195635194287361287549524916738789453621
976312854458796312213845976192578463647139285835624197361287549524961738789453621
986321754457869312213745986192583467348672195675194238761238549524916873839457621
987312654456897312213645987192583476748169235365724198671238549524971863839456721
859327641471698523632145978943281756285476139167539482726953814594812367318764295
892453617574691382163827459739245861658139274421768593946512738385974126217386945
982543617475681392163927458738254961649138275521769843856412739394875126217396584
256981743847356912193724865932175486618493257475268391369812574721549638584637129
865273941741968523293154876972635418456781392138429765327546189689317254514892637
827654913465391872913728645271945368389267154654183297596432781142879536738516429
267581943854396712193724865942175386316948257578263491639812574721459638485637129
293874561857691423164325978531289647648517392972463815789136254315942786426758139
698354721174982653253716849745839162982641537361275984439168275526497318817523496
254689731983715426176234985348921657629578314715463298537142869492856173861397542
749365821185492763263817945856934172492751638371286594534179286627548319918623457
657912834439587612182634795896471253215396487374258169948125376763849521521763948
259671843734958612186234597893715426542396781671842935365189274418527369927463158
659832741184697523273145698891526437746319285532784169368251974425973816917468352
256783941874691523139245786395427168482156397617839452928374615741568239563912874
975623841164987523328145697459836712712594386836712954247358169593261478681479235
896572143547381962213964758158649237329715684674823591962138475731456829485297316
847592163956371842213864759189645237325718694674923581562139478731486925498257316
896572143547381962213964758158749236329615874674823591962137485731458629485296317
847592163956371842213864759189745236325618974674923581562137498731489625498256317
793268541865741923214395867482136759957482136136957284629514378378629415541873692
573268941869741523214395867482136759957482136136579284625914378398627415741853692
658923741194876523372145698581639472743258169926714385267381954439562817815497236
852364917496781352713259846261897435389542671574136289928475163137628594645913728
651782439497536812283194756842675391369841275715329684534967128976218543128453967
892671534645938712173254689281749365459316278367582491734895126528163947916427853
578621934964358712123794856492135687317862549685479123231986475856247391749513268
561892743749356812283714569897123456354967281126485937932541678418679325675238194
297851634648397512153264798986125473314786925572439186439612857725948361861573249
876392451951847623234156789485961237693724518127583964712639845549218376368475192
952186734846937512173254689389675421564312978721849365417568293235791846698423157
741982635896357412253164789487295361365841297129736548912473856538629174674518923
528463197764591832913827456379145268452986371186732945691358724247619583835274619
231984576698571423745236819429615387817349265563827194972458631184763952356192748
213958476689471523745236819892614357571389264436527198927845631158763942364192785
571692348946385712283174695792563481358741269614928573439856127865217934127439856
285976314764351892193248756341825679859617423627439581536792148412583967978164235
672891534945637812183254679821749365459316287367582491594163728238975146716428953
682971534745638912193254678921847365458316297367592481574163829239785146816429753
932487651786512493145963872417839265829675134653124987591346728374298516268751349
715982634486735912923164587532671849894253176167849325379528461641397258258416793
892516743456387912173924658584763291937152864261849537318675429725491386649238175
971632845456897312283154679832765491564921783719348256397586124648219537125473968
287691543964357812153824769492185376315762984876439125531276498728943651649518237
741962538569387412283154769612549387935871624874623195497216853356498271128735946
761892543549637812283154769912546387835971624476328195697213458358469271124785936
392687451856941723714325968478216395963754182125893647549138276237569814681472539
921583674856471932734629158572968341493215867618347295367152489189734526245896713
921583674856471932734629158472965381593218467618347295367152849189734526245896713
612574893598361472734289156429815637153647289876923514347152968961438725285796341
785932461196478523234156897548217639917683254623549718359764182462891375871325946
235968741968741523714325896573412689649873152182659374891534267427186935356297418
862945173459731862173286459798653241245819637316472985631598724984327516527164398
971823645658491723234756189483279561719645238526138974192364857365987412847512396
132798645697451823845362971784139256519246387263587194921674538458913762376825419
715982643496735812823164579652318794349257186178649325961823457284576931537491268
612584793597361482834279156429715638186923574753648219348152967961437825275896341
746823951185697423329145876217584369594376218638912547873251694462739185951468732
572869431946371825813245697389716542467523189125984763794138256238657914651492378
651279834478536912293184657982765341536941728714328596349617285165892473827453169
715982643496735812823164579652813794349257186178649325961328457284576931537491268
352976841769841523184235796971382465428569317635714982893627154217458639546193278
716982543495736812823154679162849735389517426574263198951428367238671954647395281
598627314476531982213984756734215869629478135185396247361752498847169523952843671
782534961416972358953618247891345672567291483234786519175429836349867125628153794
847956231651372984293148756439215678582637419176894523965781342728463195314529867
461285793985637412723194568652371984394852176178469325846713259219548637537926841
231987645689451723745236189973648251524173968816592374468329517197865432352714896
268951743945738612173264895792143586516872439834695127457319268321586974689427351
971425386586371942234869751718294635423657198659138274365942817142783569897516423
786512934345976812129834765834725691961483257572691348293147586458269173617358429
971562843546398712283174569867943251439215687125786394698427135312659478754831926
856723941741985623932164587183672459279458136465319278694237815328591764517846392
893725641754681923612394587381972456279456318465138279946217835128563794537849162
527483961689751324134926857891234576376519482245867193468375219912648735753192648
286934571751862493394751826963417258542683917817295634439128765128576349675349182
296834571751962483384751629813497256542683917967215834438129765129576348675348192
362978451957641823184325796896134572423567189715892364671283945549716238238459617
798435621654172983213986745439851276586247139172693854947518362365729418821364597
972683541156749823384125679891532467437896215625471398763218954549367182218954736
756821934493756812128934567284675391931482756675193248519268473342517689867349125
942867531768531924153294768894125376375648192216973845537416289421389657689752413
268793541549861723371245896793418652615927384482356179957634218834172965126589437
829463751561897423734125689495276318672381594318549276957638142146952837283714965
986521734453687912217934856849175623671293548532468179724819365195346287368752491
258967341694381752173524689947213568512678934836459127385792416429136875761845293
258967431649381752173524689497213568512678394836459217385792146761845923924136875
721583946586491732934726158492865371358174629167932584679348215245617893813259467
857621934649357812123984756982175463574863129316249578235418697768592341491736285
867912453459378612123645798978526341512734986346891527634189275285467139791253864
856742931937186524421953687198264375564837219273519846682475193349621758715398462
382679451756841923194235786821354697549716238637982514963127845215468379478593162
897621453654387912213945786928576341341892567576134298469213875735468129182759634
851972634467385912923164587392418756175296348684753291749521863236849175518637429
863792541795148623124365897672583419541926738389417256958634172237851964416279385
956823741814679523327145986298531467641782395735496218179364852463258179582917634
862397451579841623134256789481539276395672814627184935943718562258463197716925348
876512934543968712219734865654871329182395476397246158925183647761429583438657291
869273451751498623234165897985324176417956382326781945642539718593817264178642539
768241935345978612291563874983427156574316289126895347832654791419732568657189423
468593721795142368213867945982431657541679283637285419174356892356928174829714536
976812534843795612251634978129473856567928341384156297738561429492387165615249783
478632951156978423293145876945326718681457392732891645567284139314569287829713564
572493186846571932193628457435986721921357864768214593659142378384765219217839645
965372841748916325123845679291453786836297514457681932582139467319764258674528193
274681539863957412159234867926715384385492671417863295731528946598146723642379158
274681539863957412159234867986715324315492678427863195731528946592146783648379251
687912534459378612213645798871453269925861347364297851532189476148736925796524183
274691538963857412158234967816725394325489671497163285739512846581946723642378159
174682539863975412259134867986751324315429678427863195732518946591246783648397251
174628539863957412259134867986715324315492678427863195732581946591246783648379251
921875463548631792763249158892417536314562879657983214236758941185394627479126385
571962834469738512823154796394215687687349251215687349958426173146873925732591468
851972643746835912293164578572683491439751286168429735985217364627348159314596827
651982734847536912293714658789245361365871249124369875536428197418697523972153486
571286934946537812283194576795863421318452697462971385837615249154329768629748153
963874251857612943124359876395721468416598732278463519649185327732946185581237694
528463197764591832913287456379845261452916378186732945691358724235174689847629513
582463197764591832913827456378945261459216378126738945691352784247689513835174629
758612943439587612162934785246879351815326497973145268591263874384791526627458139
561792843748635912293184765612857394835941627479326158957213486384569271126478539
592631748846957312173284659681742593759813426324569187938475261215396874467128935
872651943649378512153294876967542381215836794384719265721963458536487129498125637
572631849496758312183294675917863524364512798825947163731489256648125937259376481
762938541895741623314625897953416782647283159128597364281359476436872915579164238
692853471457912368813746952371695824589124637264387519936471285728539146145268793
826731945497856312513294687982165473365487129174329856641573298738942561259618734
952671438486539712173284956721458369834962571569317284647893125398125647215746893
927436581158972643634518729419853267275649138386127954893765412761284395542391876
769352841541698723283714569378125694612479358495863172836247915927581436154936287
781692543546837912293154768612548397835971426479326185967213854358469271124785639
793862541568147923124395786819623457452971638376458219987234165235716894641589372
582691743649357812173824596297165384318249675456738129864512937725983461931476258
758932461961874523234156789513287694427619358689543217845321976392768145176495832
758923461961874523324156789512387694437619258689542317845231976293768145176495832
921583764857461932634279158592718346463925871718346295376152489189634527245897613
921583764857461932634279158492715386563928471718346295376152849189634527245897613
527681943649357812813924765364875291982136457175492638791263584458719326236548179
968273541715948623234165987541836792679421358382759164893514276426397815157682439
251386479847951362693724851786495123935162784412873596329517648564238917178649235
568291734749358612123764895972145386316872549854639127291587463437916258685423971
973482651158796423264315987782164539516923874349578216495237168631859742827641395
821345697596871432734269185217483569943652718658197243479536821362718954185924376
521497863786531942934826157497152386358964721162783594619348275275619438843275619
467385921591472836823916745712843659349657218658291374975138462186724593234569187
912856734587341962634297158398674215125938647746512389459123876871469523263785491
839541276457629381162783549643917852291854763785362194328495617976138425514276938
857923461961784523324156789476835912598241376132679845249368157715492638683517294
578923461961874523324156879896745312457231986132689745249368157715492638683517294
698712534453869712721534986984627153135498627267153849519246378372981465846375291
538762941769148523124935867973284615645317298281596374416823759897651432352479186
749251683856739412123684795231496578984517326567328941692873154378145269415962837
984251637567839412213764985871546329392178546645392871428915763139687254756423198
915732648678491523234856179741689235356247891829315764497128356582963417163574982
789612534453987612612534897894761253135429786267853941528146379371298465946375128
789612534453987612621534897894761253135429786267853941518246379372198465946375128
253894671978612543164357928582476319317529486496183257621948735735261894849735162
283679451657481923194235687548923176369157842712864395971546238425318769836792514
768935421594172386123846759987521634342769518651483972416358297239617845875294163
972683541156749823384215679891532467437896215625471398763128954549367182218954736
628347951571986423394125768283419576916578234745263819457691382139852647862734195
638247951571986423294135768382419576916578234745362819457691382129853647863724195
586792341417356829923814657398271465165943782274685193732469518841527936659138274
853927641479618523612345978941283756285476319367591482726159834594832167138764295
362879451758461923194235786421358697589716234637942518943127865215684379876593142
769283451851764923324195768485326179293471685617859342948517236172638594536942817
835692741794518623126734958981427365452163897367859214613275489278941536549386172
854692731961378542273145896539426178718539264426781953197263485342857619685914327
769283541581674923324195678258436719973821456416759382645318297137942865892567134
726891534489356712513724986345672198972183465168549273851467329697235841234918657
284367951675891423193524678847216395956783142321945786439658217562179834718432569
267398541948561723153724869794235618326817954815649237539482176482176395671953482
762493815854761392193825647376214589921586734485379126649158273517932468238647951
762483915954761382183925647376218594421596738895374126648159273517832469239647851
742983165596741382813625947379418526428596731165372498981254673657839214234167859
695382741481679523732154986879415362316927854524863179953248617267591438148736295
598734621461582397273196845349218756126975438857463912982357164735641289614829573
498735621561482397273196845349218756126579483857364912735841269682957134914623578
859362471146879352273145869318957246792486135465213987621738594584691723937524618
856721349947863512123945786268517493419638257735492861382159674671284935594376128
462987351957316842813245679398521467675493128124678935581764293236859714749132586
792386451586174923314295687839517246461928735275463819947831562128659374653742198
765921483834657912129834765983416527451273896672589134297165348348792651516348279
976283451845617923312945768284736519597124836631598274128359647759461382463872195
897512634435876912621934785389641257516297348274358196952463871763185429148729563
285716934634589712179234658863491527492657183517823469928175346756348291341962875
274618539863975412159234867926751384385429671417863295731582946598146723642397158
274618539863975412159234867986751324315429678427863195731582946592146783648397251
398712564756498123214356978461923785579681432823547619982164357147235896635879241
274619538963875412158234967816752394325498671497163285739521846581946723642387159
517962843486357912923814756359721684874635291261489537635178429148296375792543168
629347581751892643384165279468951327593276418172483965237514896915628734846739152
362987541785641923194235768853194672619752384247368195521476839436819257978523416
532798641789461523614325978953146782467283195128579364291634857845917236376852419
632897541589641723714325968953184672846273195127569384291436857475918236368752419
571286943846935712293174685725863491439751268168429537982617354657348129314592876
712359684569841372834627159973564821285193746146782593458936217327418965691275438
251867943647539812893124756782641395536298471419375268968713524324956187175482639
253789641987641523164235798572816439618493275349572186495128367821367954736954812
712938654968541723345672198594287361836159247271364985483796512627815439159423876
692581734584736912173294658847915326319862547265347189921473865438659271756128493
248951763759638412163724859492185376375246198816397245534879621687512934921463587
572938641869741523314625897953416782647283159128597364281359476436872915795164238
562871934847369512193524786421657398385942671679183245938216457214795863756438129
891263457567849123234175968153792846948516732672438591729684315485321679316957284
893261457567849123214375968351792846948516732672438591729684315485123679136957284
975823641681497523234156987748931256563274819129568374392745168416382795857619432
891263457567948123234175968153892746948617532672534891729486315485321679316759284
893261457567948123214375968351892746948617532672534891729486315485123679136759284
867291354945368712123745968352816497418579236679432185236184579794653821581927643
781592643945367812623184597839215476574936281216748935357829164168453729492671358
251976843864531972793248156947125638315687429682493715439762581178359264526814397
921837465876541923345962781738125649594376812162498357619754238457283196283619574
742581936589637412163294758821965347935742681674318295457823169398176524216459873
983672541765148923124395687541826739876913452239754816612589374498237165357461298
962873451587146923314295876423517689659384217178962534791428365845631792236759148
548692731671358924923714865439281657286573419157469283792136548814925376365847192
972861534465937812183254967348675291216349758759128346831796425624583179597412683
762891534945367812183524796394215687651738249827946351238479165476153928519682473
564789321178352964923641857782493615319567248645128793497816532231975486856234179
581276934496358712723194685938715246215643879674982351152839467349567128867421593
891325476576491832234768951917283645342956187658147293465832719129574368783619524
876342951195687423234195687543826719718459236629731845962514378357268194481973562
587364921469512387213879645146795238975238416328146759892457163651923874734681592
257981643846357912193624758439715286785263194612849537961478325378592461524136879
261954378957831462834762951349175826586329147712486593423517689175698234698243715
971425386586371942234689751718294635423567198659138274365942817197856423842713569
532798641789461523614325978953146782467283195128579364291634857845917236376852419
785392461961784523234156978593627814816945237427813659142579386358461792679238145
521369874987541362634782159418296735293857416765413928349675281876124593152938647
897362451615748923324195867532481796461927538789536214953814672146279385278653149
591267834647839512823154769438725691915346287276981453762513948159478326384692175
912735864576481932834269157793154286468392571125678493381546729257913648649827315
712583649596471832834926175379812564461357928285694317628149753157238496943765281
879263451561847923324195786942736518615984372738521694487319265156472839293658147
825617943467893512913245678591428736382176459674359281756981324149732865238564197
891425376576391842234768951917284635423956187658137294365842719182579463749613528
958627314476531982213984756734215869629478135185396247361752498847169523592843671
671852934548937612293164875862341597359726481417589263736495128125678349984213756
971652843456738912283194657349875261568213794127469538632581479815947326794326185
762851943948637512153294786421569378835742691679318254587126439396485127214973865
987423651165978234234156789872561943416397528359842176698735412521684397743219865
589712436346589712721634985418357269635291847972846351893175624164923578257468193
678512934493876512215934786784651293132498675956723841527149368361287459849365127
756921834943578612281634759894215376567493128312867945129746583438159267675382491
853267941476918523921345678692183754185476392347529816518692437734851269269734185
768932451591784623324156897142678539985243176673519284217365948856497312439821765
829573641165482937734691285391768524472359816658214379546827193217936458983145762
567893241198542736234761985341278569826359417759614328475126893682937154913485672
769853241185742936234691875391284567526379418847165329478526193612938754953417682
768932451195748623324156798932687514681524379547391862419865237276413985853279146
372698541586174923194235678963782415825416397741359286457823169219567834638941752
973682451856714923214935867547823619692147538138569274461278395325491786789356142
793682451586714923214935867457823619962147538138569274641278395325491786879356142
256973841947618523381245796895134672472596318613782954164357289529861437738429165
678293541591684723234175689782931456359467812416852397947318265125746938863529174
952381764468957312173624895794213586325876941816549237241798653539162478687435129
247963851956817423381245796894136572672594318513782964169378245435629187728451639
382476591765981423194325876921547638643819257578263914859134762436792185217658349
382476591765981423194325876921547638643819257578263914459138762836792145217654389
382476591765981423194325876921547638643819257578263914859134762437692185216758349
382476591765981423194325876921547638643819257578263914459138762837692145216754389
264973851957618423381245769498136572672594318513782946145369287729851634836427195
367298541948561723152734896794325618236817954815649237523486179489172365671953482
842796531196385724573124689785641392324879156619532847257913468468257913931468275
892356741546871923173924658784195362319682574625437189231568497967243815458719236
362874951758961423194325768971258634543619287826743519687432195435196872219587346
876342951591867423234195768389521674615784392427639185948216537152973846763458219
672483915954761382183925647736218594241596738895374126468159273517832469329647851
678423915954761382123985647736218594241596738895374126462159873517832469389647251
869312754547698312213745869351926487678453291492187536934871625185264973726539148
869312754457698312213745869341926587678453291592187436934871625185264973726539148
317624598695871423284359716572986341941732685836145972458267139163498257729513864
572836914649751382183249756351497268896523471724618539435162897968374125217985643
971256843456837912823194657738625491519348276264971538642513789195782364387469125
812953476659741832734268159347189265291576384568432917426317598185694723973825641
981652734456837912273194658847263591315789246629541873762415389138976425594328167
762854319485931762913267845621375984398412576574698231856749123137526498249183657
982763451157984623364125978541396782678241395239578164823619547495837216716452839
621957834547638912983124756462375189398261475175489623239716548816543297754892361
532987461978641523614325987853194672496273158127568349281436795765819234349752816
852761943479358612163924875941875326325496187687132459534687291216549738798213564
821594763596371842734862159978136524342759618615428397459683271287915436163247985
821495763596371842734268159978136524342957618615824397459683271287519436163742985
632987451759461823814235976973124685465873192128659347291546738547318269386792514
632498571589761423714325698953146782467283159128579364291637845875914236346852917
275931648649785312183264579851647923392158764467329851738512496514896237926473185
275391648649875312183624579851467923392158764467239851738512496514986237926743185
821953476659741832734268159347189265192576384568432917416397528285614793973825641
821953476659741832734268159347182965192576384568439217416327598273895641985614723
561872934749536812823194657678925341294361785315748296952487163137659428486213579
561782934849536712723194685687925341294361578315847296952478163138659427476213859
798321564645978312123645987982456173516783429374192856451237698269814735837569241
891523467576481932234769851358197246912654783467238519749816325123945678685372194
891523467576481932234967851358179246912654783467238519749816325123745698685392174
819524367567381942234769851485197236921635784376248519793816425142953678658472193
719524863865371942234869751478195236921638574356247198583716429142953687697482315
762584319485931762913267845621375984398412576574698231856749123149823657237156498
962738541875941623314625897593416782647283159128597364281359476436872915759164238
975832641681497523324156987748921356562374819139568274293745168416283795857619432
597328461816749523324156879742593186635814792981267354453972618169485237278631945
521963487786451392934728615479215863618379254253684971395146728167832549842597136
372496581965781423184235967593814672418672359627953148849167235251348796736529814
768239451915784623234156798493862175627415839581397246849673512152948367376521984
768329451915784623324156987492863175637915842581247396843672519176598234259431768
297863451465719823138245679859326714371984265642571398984657132526138947713492586
981652734546837912723194658369421587852376491174589263438765129215943876697218345
562971843748365912193824567421659378385742691679183254934216785217598436856437129
251976483864531972793248156547129638319687245682453719938764521175392864426815397
652974318497381652813526749326498571548167923179235486934852167781643295265719834
591236784486759312723184659874623591319845276265971843642518937157392468938467125
836974251971652843245381679592743168483516927617298435728439516154867392369125784
651872934947536812283914765862745391419368257375291486536429178728153649194687523
893267451576941823214358796731826945642195387958734162427683519189572634365419278
839267451567941823214358796721896345643125987985734162472683519198572634356419278
196782543547396812283514679652847391419253786738961425371628954825439167964175238
651972843947385612283614795892743561415869237376251489539428176728136954164597328
851962743946375812273814695792643581418759236365281479539427168627138954184596327
851972643947356812263814759682743591419568237375291486536429178728135964194687325
986321754574689312123745869235816497418972635697534128859167243341258976762493581
962843751587196423314275896423517689659384217178962534791428365845631972236759148
967342581851976423234185967489761235512438679376259814648513792793624158125897346
867342591951678423234195876649581237512739648378264915495813762783926154126457389
632897451578461923914235867893124675465973182127658394749516238251389746386742519
795623841861497523234815967917354682648271359352986174426539718573148296189762435
251387469846951372793624851327195684689472135415863297932516748574238916168749523
982367541765841923134295768391576482547182639628439157479623815853714296216958374
521984763876531492934726158452819637183467529769253814345698271217345986698172345
512984763876531492934276158451829637283467519769153824345698271127345986698712345
821594763576381492934726158452819637183647529769253814345968271217435986698172345
812594763576381492934276158451829637283647519769153824345968271127435986698712345
879423651156798234234156879981562743367849125542317986495271368713685492628934517
879423651156798234324156879981562743637849125542317986495271368713685492268934517
967243851581976423234185976659814237412537689378692514845361792793428165126759348
896723541751984623324156789932815476568497312417362958143279865275638194689541237
567834921419562387283179645346795218975218436128346759892457163651923874734681592
718923654569481723324756198491372586635198247287645319873214965952867431146539872
791852346548367912263194857872643591356921478419578263937215684125486739684739125
972861435458739612163254978291475386536928741784316259649583127325197864817642593
175682934948735612263194587582467391419253876637819425351926748726348159894571263
571243986986751342234689751718924635423576198659318274365492817142837569897165423
823697541569841723714325968952184637486273159137569284675418392398752416241936875
897263541615748923234195876423581769561937482789426315952814637146379258378652194
872436951915872643634951278497283165283165794156749832561398427729514386348627519
296571834547386912183924657872193465315642798469857123934715286628439571751268349
627493581985671342134528976542186739319754628768932154271865493856349217493217865
897423651615978234234156789782561943146397528359842176968735412521684397473219865
193427856786591423245836917824975361519263784637148592451782639378619245962354178
971425386586371942234869751718294635423657198659138274365942817197586423842713569
962458713587631942134297658493586127816372594725149386379825461241963875658714239
571243986986751342234689751718924635423576198659318274362495817147832569895167423
938612745746598312251734869827463591513927684469185237692351478375849126184276953
837612945946587312251934867628473591513829674479165238792351486365748129184296753
563278941187694523294315786972586134841923657635741892756832419428169375319457268
879563241165482937234791685391678524427359816658214379546827193712936458983145762
647592831851376924293814657782643519514987263369251478438765192125439786976128345
142876593786395412593124678475681329328749165619532784931468257864257931257913846
192876543486395712573124698745681329328749165619532874931468257864257931257913486
845723961176589423392614587284135679761942835953876214427398156538461792619257348
567281934894736512213954678729815346345692187186347259631428795978563421452179863
986243751751968423234175896563719284829354617147682539695421378412837965378596142
896273451751864923234195876963517248425389617178642539587921364612438795349756182
862975431547381926913264875485123697376598142129647583791852364634719258258436719
597834621146592873283167945862759134435681297971243568354916782628475319719328456
823976541795841623614325987468719352931258764257463198582637419179584236346192875
582736941416985327793214685835691274129347856647852139371468592258179463964523718
256781349849536712173294685987143526415672938362958174638419257791825463524367891
835762491467819352912534768793625184256148973148397526629471835381956247574283619
892653741475819623631274985923468517548137296167592438714326859259781364386945172
981627543467358912253914768639871254748235691125496837572149386316582479894763125
521678934467395812983214756635981247248753691179462385392147568816529473754836129
265973841947618523381245796859136472672459318413782965198367254524891637736524189
145982736738546912296173584389425671461798253527631498952314867614857329873269145
653872941847519623291364857976235184435681792182947365528793416764128539319456278
264973851957618423381245769498136572672459318513782946149367285725891634836524197
247963851956817423381245769894136572672594318513782694169378245435629187728451936
148592736735486912296173584489235671561748293327961458952314867673829145814657329
148592736735486912296173584489235671561748293327961458952314867614857329873629145
746259831583716924129834567817523496362497158954681372231978645478365219695142783
746259831583761924129834567817523496362497158954618372438976215271385649695142783
789653421465912387123847956351264798972381564648579213294136875836725149517498632
891572634645938712273164589582749361419356278367281495734895126158623947926417853
832697541759841623614325978943156782567283194128974356271538469486719235395462817
819524367567381942234769851485197236921635784376248195753816429142953678698472513
981652734546837912723194658369421587852376491174589263438765129215948376697213845
562971843748365912193824567421659378385742691679183254937216485214598736856437129
681952743549637812723184956932846571478315269156729384364598127817263495295471638
851972643479536812623184957962347581347815269185629374534798126716253498298461735
762891543945367812183254769294715386816943257357682194639128475528479631471536928
681952743549637812723184956972348561438516279156729384364895127817263495295471638
879362541561948723324175869953826417416597238287431695745219386138654972692783154
276981543845736912193524678361275894984163257527849361739618425452397186618452739
581243796679851432234967158342179685198526374765438219416395827857612943923784561
518243796679851432234967158342179685891526374765438219486315927157692843923784561
297681543548937612163524798682193475415762839379458126934816257726345981851279364
963587421718642593245931786459368217621479358387215964576194832832756149194823675
521697843469385712783214965932761584145823697678549231356178429814952376297436158
512639478867541932934287651453896127196372584728154396371425869245968713689713245
948672351567138924213945768159826473376514892824397615431269587682753149795481236
732698451859741623614325978943216785567483192128957346271534869485169237396872514
581297643947638512263154789796823451435971268128465937352716894674389125819542376
691258743458739612273164895847923561536481279129576438362817954784395126915642387
659471382348259761172683945837145629416927538295368174523714896761892453984536217
621594783579381462834726159452819637193647528786253914345968271217435896968172345
621594783579381642834726159452819367193647528786253914345968271217435896968172435
412857693569431872873962145941573286256184739738629514684315927325798461197246358
123987546678451923945263178592734681367815492481692357756148239814329765239576814
672439158859671423134852976541263789796518342328794615465387291213945867987126534
879234651651879234234156798946518372713692485528347916365721849487965123192483567
512649873867351942934287651345896127196472538728135496471528369283964715659713284
512648973967351842834297651349586127186472539725139486471925368293864715658713294
648723951751986423392145867179534286234867519586291374813659742427318695965472138
256719843943586712178234956624895371815347629397162584732951468569428137481673295
256781934843596712179234865614925387985347621327168549731852496568419273492673158
256719834943586712178234965614895327825347691397162548732951486569428173481673259
482563197579841632613927458357492816821675943946318725764259381135784269298136574
428593716795641382613287945964715238532468179187329564379854621856132497241976853
728594613495631782613287945964715238532468179187329564379856421856142397241973856
397218456568479123124356879781624935953187642246935781672541398415893267839762514
253967841679841523184235697892376415431582769765419238947128356318654972526793184
412589736985376412763124895826417359397865241154293687571638924239741568648952173
832674951567912843194835276783149562619527438245386719958761324326458197471293685
932675841768412953154938726873159462615724389249386517497861235326547198581293674
732485961869712543154639827983154672615827394247396158478961235326578419591243786
832476951657912843194835276783159462419627538265384719948761325326548197571293684
512639874867451932934287651453896127196372548728145396371528469285964713649713285
982634571571892643364157928258476139137529486496381257623948715715263894849715362
627493581985671342134528976541286739379154628268937154712865493856349217493712865
897423651516897234234156879189762543365948127742315986451279368673581492928634715
832674591657912843194835276783159462419326758265487139948761325326548917571293684
592861734468537912173294856349125687785649123216378549654712398827953461931486275
482563197579841632613927458357492816821675943946318725794256381135784269268139574
845723961176859423392614587284135679961472835753986214527398146438561792619247358
512648973679351842834792156498275361153986724267413598726139485345867219981524637
679382451851794623234156879463817592918523764527649138345278916196435287782961345
582369741476581923193724685921648537845137296367952418734216859618495372259873164
953872641847516923261394857679235184435681792182947365528763419794128536316459278
724985361389671452516234987257498136931567824468312579673849215845126793192753648
376952481845617923219834756184295637962783145537461298798526314453179862621348579
987432651615978234324156798192847365548263179763591842471625983839714526256389417
976823451158947623324156798241638579897514362635792814763289145419365287582471936
857923461196847523324156798479618352218534679635792814763289145941365287582471936
368972451975814623124356798243681579897543162516729834439165287751298346682437915
395872461867914523124356798479683152238541679516729834943165287751298346682437915
362897541759461823184325796593186472427539168816742359675918234948273615231654987
675912348834576912219834657783265491951347286462189735198723564326458179547691823
758921643493856712162734958984175326236489175571263894629518437347692581815347269
675812943934576812218934657789265431541387296362149785193728564457691328826453179
675912843384567912219834657893275461751346298462198735136729584547681329928453176
568912734473856912219734568794265381631487295852193647185629473346571829927348156
673912845984567312215834697839275461741396258562148739196723584328459176457681923
568912734473856912219734658794125386631487295852693147185279463347561829926348571
658273941179648523324195867592734618436851792817962354263489175745316289981527436
825397461691542378734681925982713546317465892546829713469258137153976284278134659
857923641491768523263145789572481936934276158186539472645892317318657294729314865
796243851815796423234185796643519287958327614127864539482971365561438972379652148
857291346964538712123764895348175629619382574572649183731426958295813467486957231
896273451715846923234195876673519248459328617128467539942781365561934782387652194
896243751715896423234175896673519248459328617128467539942681375561734982387952164
542768931876391425193245687435876219689132754217954863751689342364527198928413576
897263451615894723234175896763519248459328617128647539942781365571436982386952174
896273451715846923234195876673514298459328617128967534942781365561439782387652149
759823641641957823283614759897241365364579182125386974912468537538792416476135298
642378951857691423193245786438716295526489137719532864964123578275864319381957642
723968541568174923914325876439617285851492637276853419682531794197246358345789162
932684571658791234714325689893146752465872913127539468579213846281467395346958127
876243951915876423234195876693517284452389617187462539748621395561938742329754168
682953741415867923937214568849125637521736894376498152794582316253671489168349275
896273451715846923234195876673514298452389617189762534947621385561938742328457169
896243751715896423234175869673514298452389617189762534947621385561438972328957146
873952641645178923291364857389417562526893714714526389952631478437285196168749235
649825317857341962123679845592413678436758129781296453965132784314587296278964531
768921543534687912129534768946872351287315496315496827853269174472153689691748235
546982371891763452273145968754826139318579246629431785937258614165394827482617593
678912543354876912129534678793265481541387296862149735915728364286493157437651829
859612743743589612261734895984125376537946281612873954176258439398461527425397168
567932841941687523283145769859726314316459278724318956635294187178563492492871635
567821943493765812218934675184596327935472186672183594729658431346219758851347269
673248591985671423124395876542916738719483265836752914291534687468127359357869142
675283941891647523324195786582936417439871265716452839243519678967328154158764392
256817943748963512193245687432196875581374269967528431324789156679451328815632794
859263741761948523324175896913652478245781639678439215592814367436597182187326954
237985641698741523145326978453298716821467395769513284572134869916852437384679152
285793641967418523314625987591386472846172395732549168453867219179234856628951734
562817934847369512913524786436982175158736429279451863391275648725648391684193257
253786941768491523194235876841523697537649218629178354982317465475862139316954782
246958731859371624173264958392815467568742193714639285987123546625487319431596872
942756831165938724873124596791682345358491672426573189584217963639845217217369458
261957843749863512853124976492576381135482697687319254374698125528731469916245738
675921843483567912129834657894716325732458169561293784256179438347682591918345276
726851943483967512519234876194672358235498761867513294652189437341725689978346125
527981643483765912619234875294516387835472196176893524762159438341628759958347261
567921843483765912219834675194586327835472196672193584721659438346218759958347261
587921643463785912219634875194568327835472196672193584726859431348216759951347268
567921843483765912219834675694518327835472196172693584726159438341286759958347261
632879451789451236145362987297683145564217398813594672471925863328746519956138724
732986451589741623614235897348519762256374918971862345193658274427193586865427139
521649873987531642634728159752486391396215487148397526469152738873964215215873964
921654873587931462634278159752896341346125987198347526469512738873469215215783694
921564873857931462634278159792685341185347926346129587469812735573496218218753694
921584673657931482834276159782695341195347826346128597469812735573469218218753964
972365184846791352513824967365417829198253476724986531439678215257139648681542793
728365194964871352513924867156437928397258416842196573471689235285713649639542781
946328571851796324273145689192574836367981452584263197439652718718439265625817943
567921843483765912129834675894516327235478196671293584712659438346182759958347261
517982643483765912629134875894516327235478196176293584762859431348621759951347268
276839541854716923139245786395472618461358297782691435948167352517923864623584179
587921643463785912129634875294516387835472196671893524716259438342168759958347261
517928643483765912629134875294516387835472196176893524768259431342681759951347268
517928643483765912629134875294516387835472196176893524761259438342681759958347261
247869531659713824183245796735981462968524173421376958892137645374658219516492387
742869531956713824183245796537981462869524173421376958298137645374658219615492387
632978451789451236145362987278693145564217398913584672491725863327846519856139724
758912436436587912291634785843756291967123854512849367179268543385471629624395178
256817349748963512193245678432196785581374296967528431325489167619732854874651923
256917348749863512183245679832156794491378256567429831328594167614732985975681423
256917348749863512183245679532186794891374256467529831325498167614732985978651423
958623741146798235372145869495236178681457923723819456219364587567982314834571692
253697841769481523184325976971256438428913657635874219592738164316549782847162395
946582371751693842283174965329418756165937428874265139612349587498756213537821694
621945873587631942934728156752486391346219587198357624465192738873564219219873465
621495873587631942934278156752846391346129587198357624465912738873564219219783465
951672843746358912283194675879523461315746298624981357537269184168437529492815736
951762843647389512283145796395826471476591238128437965869273154714658329532914687
596732841714698523238145796185326479467981235923574168371259684859467312642813957
761592843458367912293814765635741298987236451124985637512679384349128576876453129
689732541741856923253194678972685314318479265465321789834567192127943856596218437
257896431649731825183245796734958162968412573521367948892173654375684219416529387
752896431946731825183245796437958162869412573521367948298173654375684219614529387
953672841746981523182345769895214376437596182621738954274159638318467295569823417
246917385759863412183245679832156794491378256567429831328594167615732948974681523
867923541945167823312845769591234687478596312623781954284359176159672438736418295
542697381679381452183254967498175236315826794267943815821469573734518629956732148
725834916486971352913526847251693784379485621864217539698342175132759468547168293
725834916684971352913526847251693784379485621846217539498362175132759468567148293
912574683765831942834269157581346729493728561627195438376412895148953276259687314
652973841879641523314285679291736485438592167567418392983124756126857934745369218
792683541865147923314295768953714682476832159128956437637529814541378296289461375
596723841714698523328145796185236479467981235932574168271359684859467312643812957
897263451615847923234195768763519284459328617182476539926781345571634892348952176
842675391579381462613924875251498637734156928986732154465213789398547216127869543
642587391958631472713924586231849657579163824864752139396215748487396215125478963
912573684756841932834269157591436728348712596627985341469327815183654279275198463
981265734645837912723194586876523491319648275254971368562319847197482653438756129
897263451615849723234175869763514298459328617182697534926781345571436982348952176
896273451715846923234195876673514298459328617182967534927681345561439782348752169
652893471947651382183274965836915247514732896729486153471529638268347519395168724
579126834483975612621834795294581367136497258857263149718659423345712986962348571
863792451547681923192345876954216387638457192721839645285164739319578264476923518
895217634643985712172634895924173568586492371317568249269751483758349126431826957
742589361569317482813624597691472835235968174487153926378241659126895743954736218
986342751751689423234175968673824519419536872528791634345268197197453286862917345
376852941594671823182394657857916432461523798923748165248139576635487219719265384
352789641697541823184326795863257419415938276279614358546892137928173564731465982
841972635759638412263154978376481529492567381185329764634815297517296843928743156
691285734845937612723164598976523481318649275254871369582316947167492853439758126
876932451915784623234156987463827519758691234129543876391268745542379168687415392
795821634843567912216934758429185376537496821681273549172659483954318267368742195
896312745754986312213745698178539426462178953539264871941823567325697184687451239
856912743794386512213745698178593426462178935935264871541829367329657184687431259
968243751751689423324175689485736192219458367637921845176892534542367918893514276
682517934547369812193824765958673421374152689261498357439285176726931548815746293
981257634456839712273164985147982563839516247562473198628395471394721856715648329
795632841614987523328145679987453216431276985562819437149368752273594168856721394
847912635659378412123645798492136587315827946786459123531264879268791354974583261
742618953856793412193245678681527394974136285235984761519362847368471529427859136
857912634649378512123645798592136487314827956786594123431269875268751349975483261
245687391973541862168293745814762539526439178397815426652378914789124653431956287
245786931973541862618293745864172359391865427527439618756318294189624573432957186
245987361963541872718263945874192536591436728326875419157328694689714253432659187
871326945456897312923145687682459173345671829197283456734912568568734291219568734
289651734457839612163274958692143875518792463734586291971328546846915327325467189
657832941184697523329145678798453216431276895562918437945361782273584169816729354
621495783578631492934827156456789231892163547713542869367258914189374625245916378
892751436456938712173264859968413527517892364234576198621387945749125683385649271
421875639875936412963124875649351287582467391317289564734518926158692743296743158
749623851615987423328145796271396584593418267864752319456239178187564932932871645
689712354457693812123845967391574286842136579765928431236481795574369128918257643
286394751791852643345176289513928467429567138678431925837249516162785394954613872
526891734974563812813724695498156327651372948732489156345618279267935481189247563
785263491961847523324195786498736152637521849152984367543619278279358614816472935
869243751751968423324175896495836172638721945172594368543617289287359614916482537
865392741971648523234175896453826179619754382782931654348217965127569438596483217
875623941641798523329145876284316795713459268956872314567234189198567432432981657
687312954459678312123945867371594286842136579965827431236481795594763128718259643
372689451956471823184235679297518346518364792643927518439156287761842935825793164
791582634845637912623194857572349186369718245184256793416823579957461328238975461
873921564965748123124356798457692381238417956619835247341269875582174639796583412
723859641458617923169234587572468319341592768896173254914725836635981472287346195
892673451156984723374125986587291364461837592239456178923518647748369215615742839
783692541956148723124375698291457386548236179367981452672814935419523867835769214
873692451956148723124375698291457386548236179637981542762814935419523867385769214
793268451586491723124375689945186372618723945372954168267519834451837296839642517
746582931951637824283194765497265318368971452125843679672419583539728146814356297
867521943943687512251934768189365427436172895572849631794218356615793284328456179
827561493495837612613294758984715326751326984362489175139658247278143569546972831
376892451495617823218345796184726539967453218532189674749238165651974382823561947
346972851795168423218345796184726539967583214532419678879234165423651987651897342
964375821581462397273918645796154283142836759358729416839547162427691538615283974
893762541715498623624135879479816235158273496236549187962381754387654912541927368
267981354945376812183245796396712485418653279752498631839124567674539128521867943
572986431648371925193245687781524369924763518365198274436857192217439856859612743
196782435457936812283154796948275361361849257725361948572413689639528174814697523
471562839685739412923184567852413796739256184164897325218675943347921658596348271
146782935857936412293154786984275361361849257725361849572413698639528174418697523
912673584756481932834259167349125876528967341671348295485732619163594728297816453
576912834948367512213845769892536471357194286164728395721653948635489127489271653
451672983786539412293184657948725361365841729127396548632417895579268134814953276
249386571568971423173245698957813246316492857824567139481759362735628914692134785
675923841491876523832145796953264187284517639167398254726459318319782465548631972
863972451751648923294315768189426537425837196376591284942763815537189642618254379
821965743597431862634872159342719586916358274785246391459127638173684925268593417
869372451571649823234185697153926748927834165486751239342517986618493572795268314
973286451516497823824315697485971362167823945239654178652139784741568239398742516
823976541956184723714325689572693418439518267168247395691732854345861972287459136
597261843468937512123584769982415376614372958375896421749123685236758194851649237
786423951591687423324915768275839146643571892819264375962148537157396284438752619
856932741147586923293174856981725364365418297724693185539261478478359612612847539
754862931638915724219734685973428516481576392562193847146359278895247163327681459
745862931936517824128934756894125673567493218312678549453289167281746395679351482
354862971867195423291374856548216739672943518913758264189627345426539187735481692
352698471986741523174325689295436718467182935831957246548219367613574892729863154
968521374475398612213764895592136487634872159187459236721685943349217568856943721
768521394495378612213964875952136487637842159184795236521689743349217568876453921
