853672941679148523214395867541926738927483615386751294468237159195864372732519486
563297841789641523124385769952816437418973652376452198647139285295768314831524976
853792641976418523214356798698127435425983167731564289549231876362875914187649352
826793541754681923319245786538472169942156378671938452295364817463817295187529634
867243951591678423324195687458936172619752834732481569983517246245369718176824395
952837641487156932163294785741982356839615274526473198695328417374561829218749563
482756931957831642163294785741982356839615274526473198695328417314567829278149563
526983741891647523374125689957362418432871965168459372783516294249738156615294837
752861934468539712913724685831956427675142893294378156587693241349217568126485379
561892743947365812823714695395126487674958231218437569152689374489273156736541928
267843951851967423394125768982354617475681392136792845613579284549238176728416539
267843951851967423394125768982354617475681392136792845613579284548236179729418536
742986531698351724153274689984125376375648192216739845539417268421863957867592413
942658731657391824183274695839125476476983152215746983394517268521869347768432519
567932841941687523283145769859726314316459278724318956635294187178563492492871635
769382451851467923324195768983724615416958237275631894547216389638579142192843576
795362481861479523324185796583924617419756238276831954947218365638597142152643879
486723951175698423239145786794836512862514397513972864341259678657481239928367145
486723951175698423329145786794836512862514397513972864241359678657481239938267145
768392541941567823352184769894235617617948235235671984176853492529416378483729156
875923641961478523324615897283769415759134286146582739498356172637241958512897364
362879541579641823184325967291567438857134296436982715943756182625418379718293654
823567941659841723714293865948632157365174289172958436431785692286319574597426318
942837561768591423153264789489615372315972648276348195621483957597126834834759216
567238941941567328823194765298475613635981472714623859359716284472859136186342597
873925641469781523152364987981637254247158396536249718725816439614593872398472165
781324965956781423234569178463278519578916234129453786347692851612845397895137642
548271936769538412123964875492315687316782549875649123634197258287456391951823764
539728461467591382812634795971342856256987143384156927748215639695473218123869574
765892431843615927129734685984576312312489756576321849298163574431957268657248193
891572634457639812263184795385916247749258361126347589672493158918765423534821976
832647951796581423145392786561473298483925617927168534618759342254836179379214865
452896731186357924973124685849673512537912846261485379395248167728561493614739258
723965841169842753845317296498751362637294518251638974912586437586473129374129685
962783541785419623134625987478296135521374869396851274853967412617542398249138756
796283541154967823382514796821735469943826175675491382219348657437659218568172934
512893764678541392934672158385926417427185936169734825291467583753218649846359271
782693541469581723531274698943718265215469387678352419854127936127936854396845172
239674851871952643645318729498563172712849536356127984963285417527491368184736295
782563941465719823931824657814356792629471385357982164193248576276195438548637219
792563841465178923831924657914356782627481395358792164183249576276815439549637218
951682743486537912723194685874925361319876254265341879537469128192758436648213597
259837461746912835381645972597283146162459783834176529973568214428391657615724398
853692741769418523124735869591286437648173295237954186415329678372861954986547312
352697841976841523184325697891436752763582419425719368549278136238164975617953284
821495376579631842634278915493126758718359264265784193386517429142963587957842631
876923541154687923239145876925731468683459217417268395342576189798314652561892734
726893154589471623314265897195632478863947512247158369632589741471326985958714236
847632951156978423239145876594321687368457192712896345985263714423719568671584239
769312845458796312123845697391528476582674139674139258247983561816457923935261784
467952831953718624812634957194265783236487195578193246625841379741329568389576412
487952631953716824612834957194265783236487195578193246825641379741329568369578412
896723451145689723327145896974236518532817964681594237719358642258461379463972185
976823451145679823328145796894716532517238964632594178289351647751462389463987215
572938461869471523134256879495167238617823945328549617783694152241385796956712384
852697431476831529193245786561783294948152367237469815389576142724918653615324978
951682347486573912723194685562439871839721456147856293318245769275968134694317528
967435821584172369123869745742391586398657214615248937439526178271984653856713492
625941837394587612718263954873194526951726483246835179169378245532419768487652391
392768451657491823184325769269814537435976182718253946841637295976542318523189674
392768451657491823184325769269814537435976182718253946841639275976542318523187694
762843951589761423314295867648539172125674389973182645891427536437956218256318794
256781943784539612193264785947815326318692574625347198861473259539128467472956831
953872641786149523214365978897523416462917835135486297528734169671298354349651782
287956431954731862163284759846123975319475286725698143532817694471369528698542317
382967541965841723174325968851294637726513894439786152247658319618439275593172486
879236451451879362263145897736582149592614738184793526648327915327951684915468273
982731546576489123134256978463917285715628439829543761348192657651374892297865314
183762459756849123294315687378291564429576318615438972962184735547623891831957246
293768451657491823184325769869214537435976182712853946341687295976542318528139674
879236451451879362263145897736582149592614738184397526648723915327951684915468273
921583764587461932634279158879625341315894627246137895493758216168342579752916483
978321645465987312123645879359716428614238957782594163597163284241859736836472591
398712645657489123124356879281564937943127568765938214472891356519673482836245791
962783541175469823384215976243597618857621439619834257491356782726148395538972164
267539481584761392193284576349175268618392745725648913952416837871923654436857129
246758391758391462193264587972135846365482719814679235481526973539817624627943158
246758391758391462193264587972145836364982715815673249481526973539817624627439158
653728941978461523124935876245196738719843652386572419461387295837259164592614387
879621345564387912123945876935716428417298653286534197352169784741853269698472531
653728941978461523124935867245196738719843652386572419461389275837254196592617384
986251734547936812213874659621493578839517246475682193354128967792365481168749325
567382941841679523923145768316857294458926317279431856635218479794563182182794635
927436581651782943384951672192368457438175269765294138549823716876519324213647895
687312954459678312213945867731594286842136579965827431326481795594763128178259643
967823451154967823328145679249536718571498362683712945815374296492681537736259184
832764951576891423914235786425617398169348572387952614748526139653189247291473865
592863417746591382813247659461985723389726145257134968934658271125479836678312594
672938451954761382183524769896145237317892645425673918539417826741286593268359174
865732941471869523932145678143296785759384216286517439514973862628451397397628154
173962854956847123284315697397281465425736918618459372862174539549623781731598246
183762954756849123294315786378291465429576318615438279962184537547623891831957642
286537419475981362193246857532794681941658723768123945859472136317865294624319578
912485673685371492734629158876294531351867924249153786563712849127948365498536217
532468971487951362961732845394275618615389724728146539246897153873514296159623487
982736541765481923134952687248169735379845216516327894851274369427693158693518472
749632851615987423238145769374296518592418376861753294456329187187564932923871645
746932851591687423238145796374296518612458379859713264465329187187564932923871645
792683451456917823381245679948132567267594318513768294174326985635879142829451736
542738961876591432193264857954876213321945786768312594437189625219657348685423179
961782543748539612253164789197846325426375891385921476539417268872693154614258937
458912763369785412721634589942157836815369247637428195574893621296541378183276954
952736841176948523384125697537892416418673952269451378841269735693517284725384169
542738961876951342193624857954876213321495786768312594437189625219567438685243179
572938461869471523134256879495167238617823954328549617783695142251384796946712385
452698731168357924793124865219743586576982413834516297647239158985461372321875649
675912834384576912219834675793265481851347296462198753136729548547681329928453167
689723451571948623234615879947386215368251794125479368892537146416892537753164982
687923451591748623234615987749386215368251794125497368872539146416872539953164872
248951763759638412163724859492815376375246198816397245681572934534189627927463581
297851436564397812183624795942185673816732549375469128439518267728946351651273984
298751436564398712173624895942135687317862549685479123439516278826947351751283964
298751436564398712173624895942135687316872549785469123439517268827946351651283974
851926734496387512273514698534671829927835461168249375349752186712468953685193247
925374681486192735173856924349761258268549317751283469692415873814637592537928146
267981354945367812183245796396712485418653279752498631839124567674539128521876943
732984651698571423145263789567129348913458267284637915479816532351742896826395174
876923451951647823324815796792134685645278139138596274489362517517489362263751948
912463785576981432834752169691528347347196528258347916489635271125874693763219854
652971834478536912193824657781452396234698571569317248946783125327165489815249763
762581934489637512153924768891265347235749681674318259547893126328176495916452873
968723541715498623234615897589236174621974385347581962452369718876152439193847256
892673541561498723734215986918536274625147398347829165459362817286751439173984652
683927541975481623124635789352716894419852367867394152741268935296573418538149276
238749651769851423145263879457932186816574392392618745521387964974126538683495217
239478651678951423145263978854632197917584362362719845521396784486127539793845216
746952831385716924921834657268349175594271368137568492419625783672183549853497216
861927543457386912293154786328795461914638257675241839536479128742813695189562374
375892641689471523214635978591726384428913765763584219152368497946157832837249156
469752831571386924823194765387921546942567318156843297635479182218635479794218653
892367451457819623163245879921584367578631294634792518349156782786923145215478936
189752643547386912263194785496821357328567194751943826834279561972615438615438279
238479651769851423145263879457932186816547392392618745521384967974126538683795214
749821365658397412123645879592183647364972581817564293436219758281756934975438126
236897451879451623145263879654932187917586342382714965521348796768129534493675218
395826741786491523124735968973614285418952376562378194651289437247563819839147652
961582743458367912273914865635741298897236451124895637512679384349128576786453129
293874651876951423145263789489532167651748392327619845512386974738495216964127538
293487651876951423145263978489532167651748392327619845512396784934875216768124539
293847651876951423145263978489532167651784392327619845512396784938475216764128539
678243951591768423234195867749316582812574396356982174485637219927451638163829745
238479651679851423145263879456932187917548362382617945521384796863795214794126538
356982741894715623271364859589126437463597218712843596947238165128659374635471982
936528741854971623127634895469215378312786954578493162785149236243867519691352487
742569318658341972193872645981756423536214789427938156265197834314685297879423561
742569318658341972193872645981753426536214789427698153265137894314985267879426531
142853769598761342673249851935476218217985436486312597751638924324197685869524173
241589763758361942693724158482953671539176284167842539976238415324615897815497326
782463951965178423314295876123954687598736214647812539451687392239541768876329145
892463751765189423314275986123547698459836217678912534581694372236751849947328165
792863451865149723314275986123587694589436217647912538451698372236751849978324165
783926451594781236621345978215869347946537182378214569839652714152478693467193825
946872531735916824281534769893125476567349182412687953178293645354761298629458317
321875649786491523945263871594628137632917485178534296863149752419752368257386914
863724951751698423924315687547931862632847519189562374498276135215483796376159248
681952743549637812723184965468371529932865471175429638354718296817296354296543187
845627931967381524213945768731259486524876319689413275358192647176534892492768153
721835946698741523345269178582374691937126485164598237813452769476913852259687314
731825946698741523245369178583274691927136485164598237812457369476913852359682714
875392461961874523234165987453286719618957234729431856342519678196728345587643192
549682731861537924273194586987213465354876219126945873412358697635729148798461352
946872531735916824182534769893725416561349287427681953278193645354267198619458372
728639451594817236631245897385196724946572183172384569219768345457923618863451972
867243951591678423234195687458936172619752834372481569783519246925364718146827395
367829451485761923129345687938516274751284396642937518894153762276498135513672849
826793541754618923139245786518479362942386175673521498295164837461837259387952614
521946783678531942934287156862475391195368274347129568456712839713894625289653417
587621943694378512123945867912564378368217495745839126431756289856492731279183654
693782541785461923214395786167823459852914637439657218941236875326578194578149362
697312854584679312123845769715498236839526471462137985971253648258764193346981527
723698541895174623614325978438517296951862437267943815579436182182759364346281759
946732851157869423382145697573286149291457386864913572439571268628394715715628934
196872453548369712723145689351498276987623541264751938632584197419237865875916324
638729451594816237721345869385167924942583176167294583219678345456932718873451692
569273841471958623823164957987435216235617489146892735694581372718326594352749168
921546783658731942734289156842975361195368274367124598576412839413897625289653417
523697841769184523814325967437816295256943718981752436695438172172569384348271659
756912834483657912129834765674528391591473286832196547918245673247369158365781429
967382541145697823283154796398725164526418937714936285872563419439271658651849372
986532741147896523253174698795261384421783956638945217862457139319628475574319862
735962481496817352281534679849123567367495128512678934154286793623749815978351246
876932541145768923293514876489325617752681439631497285368279154527146398914853762
769832541145697823283514796478325619652971438931486275397268154526149387814753962
562937841478561923913824756251489367739156284846372519695213478387645192124798635
963847521785912643124653798498261357537498216216375984851739462342586179679124835
942768351657931482183524769896175234314892675725643918539417826471286593268359147
891265734645837912723194586489712365536489127172356849364578291917623458258941673
931728465657491823284356719192564387463287591875913246749132658528679134316845972
549682731168537924273194568937215486624378195815469273382751649491826357756943812
739562841456817932281934675948125367567493218312678594194256783675381429823749156
972864513845391762613527948251673894389245176467189325738416259596732481124958637
765921834348756912912834657186349275594172368237568491429615783671283549853497126
869372451475918623123645798954126387612783945387594216531269874246857139798431562
785921634364587912219634785853176249642395178971248563526813497137459826498762351
871692543645378912293514876752469381318257694964831725186925437437186259529743168
264798351578361492193254786942615837315872649786943215851427963637189524429536178
276583941594761823381924657857396412463152798912478365148239576625847139739615284
681952743549637812723184965368471529952863471174529638435718296817296354296345187
264897351957361482183254976842615739319782645576943218791428563635179824428536197
746852931851937624293164785487295316365481279129376548934628157512749863678513492
942867351567931824183245796859713642314526987276498135635184279728659413491372568
521386749846597312793124685287653491354971826619842573932468157465719238178235964
923857641786941523145263987592134876817695432364728195631479258478512369259386714
689712534543869712271534698792381465815647329364295187937158246158426973426973851
674182935893457612215693784942871563381526497567934128428769351139245876756318249
952168743648937512713254896369785124584312967271649358137496285495823671826571439
836541972947628531152793846268174359319856724574239168695312487721485693483967215
876912354945783612123645897657398421239164785481257936368571249592436178714829563
967823541481576923235914687794185236158362479623497815319258764572641398846739152
612594783597381642834726951459812376183647529726953814345268197971435268268179435
621584793587391642934276158458912376296753814713648529345169287872435961169827435
621594783579381642834726951452819376193647528786253194345968217217435869968172435
869712534453869712721534689194625378235178946678493125517246893382957461946381257
579621843634789512281534976492368157315972468867145239748213695153896724926457381
759621843634589712281734956492368175315972468867145239548213697173896524926457381
948526713657391482123784659791832546234615978586479321862957134379148265415263897
974862351658913724123745698582439176349671582716258943491526837837194265265387419
597236841481957623623184759869723514315849276274561398936475182742618935158392467
596238741471956823823174659789623514364581297215749368938465172642817935157392486
851362974496857312723914658967283541518746293234591867182679435349125786675438129
642875931587931624193624587926147358418356279375289146831762495764593812259418763
897213465456789123321456987968375214143962758572148396619537842784621539235894671
695821743834967512271534698789615324342798156516243879953182467128476935467359281
687352941451679823293184675162943587739518462548726139874295316315467298926831754
752168934649537812183294765891645273437829156526371498968413527315782649274956381
957234618468591732123867945892746351341958276675123489714689523539412867286375194
796832541541697823283145796859324167417569238632781954374258619165973482928416375
593672841746891523281345796859124367437569218612783954174258639365917482928436175
876921534954367812213845769738519246491276385625483197182794653569132478347658921
631982745879451623245763819723516498518294367496378152962847531157639284384125976
965832741784169523213574968391725684527486139846913257152398476439657812678241395
129754863675831492834926571496182735381475629257693184712348956568219347943567218
962438751857162493314975286428359167539716842671284539193547628246891375785623914
856237941941586723273194658784623519365971284129845367597412836432768195618359472
286943751951867423374125986695714238428396517137582694513679842749238165862451379
872561943954378612163924875746892351319745268528136497297653184631487529485219736
965823741148756923372914568487235196619478352523169874294387615736541289851692437
648592731751836924293714658162478593534129876987653142476285319325961487819347265
976238541851794623234156879193682754528347916467519382715463298682971435349825167
869721354754683912213945867391578426428316795675294183946132578132857649587469231
968273541751946823234185967649518372583627419127394658475832196816759234392461785
652798341497531682813264759938175264574682913126349875381426597265917438749853126
352879641879641523164325879298753416541962738736418295623187954415296387987534162
789621543435897612621534978248975361516382497973146285192763854367458129854219736
827591463964378512153624789248135697319467825675289134532716948781943256496852371
654287931798631425123945786539724618846193257271568349917452863362819574485376192
248951763759638412163724859492185376375246198816397245681572934534819627927463581
382679541756481923914235687849512376561347892237896154493128765628753419175964238
978423651156789423234156798462318579519267384783594216341875962895642137627931845
812594673576381492934726158728639541351478926649152387465817239197243865283965714
635892741798416523124735698561974382942368175873251469459127836217683954386549217
683792451597614823214835967859126734742983516136457298465271389921348675378569142
297861453458937612163245798849716235326594871715382964634178529972453186581629347
249378561857916324163245897986724153324591786715683249432159678678432915591867432
789623541651478923324915786192736854438592167567184392945367218276851439813249675
978623541651487923324915876189236754437598162562174389845369217296751438713842695
785923416946581372123647958394218765862759143517436289251364897439875621678192534
685721943734869512291534768847615329956382174312497685179258436423976851568143297
896732541154896723273145689785913462962458317431627895347289156528361974619574238
813927546965481723274563819159278634628394175437615298341852967592746381786139452
756821943948376512123945687289517364417263859365489721691754238834692175572138496
685293471971648523324175869542936718716482935839751246293517684468329157157864392
675293841891647523324185769582936417416872935739451286243519678967328154158764392
813927546965481723274563819159278634728634195436195278341852967592746381687319452
687293541951648723324175698543982176268731954179456832436519287892367415715824369
182739654679541823345268719537186492264973185891425367923614578456897231718352946
785632941691478523234915786153726894429853167867149235342597618976381452518264379
876923451145867923239145867524386719968712534713594286397251648451678392682439175
756823941184679523239145876825936417471582369693714285917258634362491758548367192
476832951185679423329145786834926517791583264652714398918357642263491875547268139
678923451514687923923145876791352684835496217246718539487561392162839745359274168
756823941184679523239145876825936417491782365673514289917258634362491758548367192
517892346846375912923614785682749153359128467174536829435287691768951234291463578
687912453549378612123645879475831296391267584268459731952186347814723965736594128
987312564645978312123645879379851246451267983268439751592186437814723695736594128
658912347974368512123745986546891273381276459297534861862153794715429638439687125
267835491845971362193264587978513246416728953352496718521389674639147825784652139
962735481578412936134689725351894267846257319297163548413578692789326154625941873
921845673587631942634279158752964381346128597198357264865412739413796825279583416
721945863586731942934268157342817596657429381198356724475192638863574219219683475
821495673567831492934276158752649381396128547148357269485912736613784925279563814
721495863586731942934628157342187596657249381198356724475912638863574219219863475
981265734465837912723194586849721365356489127172356849634578291297613458518942673
985162734467835912213794586849217365356489127172356849634578291791623458528941673
183279465567481923924563718649152387752938146318746592495827631831695274276314859
691572843745638912283194576876941325359726481124385697562419738938257164417863259
642587391758931462193624578321875946589416723467293185834752619275169834916348257
862735491579412836134698725315947268986251374247863519453179682798526143621384957
796584321145362978283719645819476253364258197572193486437821569951647832628935714
671523498589471362234698157826735941493162875157984623912356784365847219748219536
912754863586931742734628159349512678678493521251867394497385216163279485825146937
782916543546387912193245687378692154429851376615734829957123468864579231231468795
856723941174689523329145786485291637962537418713468295298376154537914862641852379
768239451154687923293145768389514276642973185571862394917456832436728519825391647
456971382937286451182534769894712635213865974675493218328147596741659823569328147
746981352953276481182534769398712645214865973675349218427153896831697524569428137
746981352953276481182534679398712546214865793675349218427193865831657924569428137
786923541954618723321745896195867432478231965632459187217394658843576219569182374
976832451145679823328145796894716532517283964632594178289351647753468219461927385
821753469756941382934628751379285146682174593415369278598412637147836925263597814
476923851915687423238145967894316572653792184127458396381269745769534218542871639
769238451451697382283154679398725164674981523125463798842516937537849216916372845
923786541785491623614352987492163875836547219157829436541678392278935164369214758
965712834743698512182534967854926371239157486617483259576849123398271645421365798
946782531571369824823145796459627318318594267267831945734218659182956473695473182
432568971587941362961732845395274618614853729728196453256387194879415236143629587
482569371537841962961732845395274618614358729728196453256987134873415296149623587
294763851765981423318245796829134675547826319631597284176352948482619537953478162
981726543647853912253914687872491365539682471164537829496175238315268794728349156
263894571895712643174356289648179352952643718731285496389467125416528937527931864
762189534845637912193254768981546273437928156526371489659413827318792645274865391
742965813596831742813247659361489527489752136257316984935628471174593268628174395
942765813756381492813249657261934785389572146475816329534628971197453268628197534
613982745897451623245763819732615498581294367469378152926847531174539286358126974
425897631897361524613254798268743159359186247174925863541679382932518476786432915
847592361951638472263174589692485137314967825785321946538216794476859213129743658
968732541741659823352814967834527196275196384196348752519463278683275419427981635
298716345645839712173245698956478231412653879387921456739162584824597163561384927
532468971487951362961732845394275618615893724728146593246387159879514236153629487
582469371437851962961732845394275618615348729728196534246987153873514296159623487
582469371437851962961732845394275618615398724728146539246987153873514296159623487
947612853856379412213845769379528146168493275524761938692157384481936527735284691
952736841176948523384125697537892416418673952269451378841269735723584169695317284
592738641876419523314625987159872436437961852268543179943286715681357294725194368
275638941846719523139245786394572618582164397617893452928357164751486239463921875
267398541458671932193524786982415367314769825576832419639187254741253698825946173
641278935739645812285193674978432156123586749564917283896754321417329568352861497
861249735943785612275163984789432156534816297126597348392654871417328569658971423
978423651651798423234156879349562718516387294782914536163245987827639145495871362
621495873587361492934287156819674235463852719275913684398146527742538961156729348
591268743648397512723514869982456371135972486476183925367825194259741638814639257
862951734745638912193274856437892561289516347516347298971485623658123479324769185
892157634457936812613284975945872361786315429321469758139728546268543197574691283
248397561597816423163245987856723194324981756719564238971658342635472819482139675
852671934476839512913254678681792453235468791749315286394127865568943127127586349
249368571568917423173245698957823146326491857814576239481759362735682914692134785
769823541481956723532714698894365172217489356356271984628537419973148265145692837
968723541541896723732154698894635172217489356356271984473518269629347815185962437
257961843849537612163824795471659328935248176628173954592316487314785269786492531
253869741869741523174235986542398617791652438638417295987126354315974862426583179
486572931571936824923184675739625418815743269264891753692318547147259386358467192
571682934946735812283914576692573481317498265458261793865129347734856129129347658
651782943947356812283914657792643581314598276568271394876129435435867129129435768
651782934947356812283914657792643581314598276568271493876129345435867129129435768
258369471469781325173245698937826154625914837814537269542193786786452913391678542
258379461497816523163245987846723195325981746719654238532198674674532819981467352
259386471468917523173245698947823156326591847815764239632159784784632915591478362
785923416964581372123746958356218749892457163417639285241365897539874621678192534
652387941849651723173294658397165482564872139218943576436518297781429365925736814
972386541465791823813524679581672394749153268236948715398217456657439182124865937
892753641457681923163249758236498517519376284748125369971862435684537192325914876
785923416964581372123647958396218745842759163517436289251364897439875621678192534
187925634549361782263847159392178465851634297476592318735286941914753826628419573
915862734647935812823714596491287365536491287782356941364579128178623459259148673
486279531971536824523184679739625418814793265265841793652318947197452386348967152
567894321481352976923761845278546193359178264614923758196437582732685419845219637
671582943459367812283914765536871294947235681128496357364128579812759436795643128
216954387597831462834627915783492651942165873651783294428579136165348729379216548
251796843496538712783124695937845126548261937612973584824659371175382469369417258
685392471971648523234175869543926718726481935819753246192537684468219357357864192
675392841891647523234185769583926417426871935719453286142539678967218354358764192
893267451756941823214385976472513689169478235538629147681734592345192768927856314
452698731786351942193274685249163857518947326637582419861429573375816294924735168
592864173847351962163279458271598346359642817684713295435186729926437581718925634
592864173487351962163279458271593846859642317634718295345186729926437581718925634
968721534475389612123645879239816457617534298854972361542193786381267945796458123
842753619759461382163829457534297861921638745678514293496172538387945126215386974
982453617457861392163927458534278961821639745679514283746182539398745126215396874
753862941468519723291374865842635179135947682679281354526793418984126537317458296
196872435548369712723145689431598276987624351265731948652483197319257864874916523
782935461945176382613284759869413275451627893237598146376851924194762538528349617
678423951951768423234915678745891236893256714126374895362587149417639582589142367
952837641147596823683214759814672395369145287725983416538469172496721538271358964
692587431487136529153294786814672395369845217725913648531469872946728153278351964
319728645657491823284356971192563487763284159845179236471932568528617394936845712
642587931987136524153294786814672395369845217725913648531469872496728153278351469
319728465657491823284356791142569387763284519895173246471932658528617934936845172
657982341149367825283145769398726514516493278724851693461238957875619432932574186
294687351567391482183254976842165739319872645756439218471928563935716824628543197
891324657756891423234567819972618534163945782485732196549173268628459371317286945
521738946786491523934256871643587219198342765275619438419873652352964187867125394
193527864867491523245836179926315487571684392384972615632149758419758236758263941
682437915951682743374951862549826371837519624126374598415793286298165437763248159
718245936956731482234689715875192364492376851361458297149523678623817549587964123
697328541584761923213945687732856194945132768168479352351684279829517436476293815
813692457596748123724135689462571938938264715175389264341827596287956341659413872
739562841456918732281734695948125367567349128312687954174296583625873419893451276
786239451591847623234156897413782965862395174975461238648973512157624389329518746
975623481861479235324815796452931867613587924798264513249156378187342659536798142
951782346647395812283164795436851279875923461129647583394276158518439627762518934
197852346465937812823614795346781259581293467279465183934126578758349621612578934
793265841586941723124387956418523697935476218267198435641732589379854162852619374
482635971567941382913278645354167298678529413129483756295314867746852139831796524
482635971567941382913278645354167298678529413129384756295413867746852139831796524
517892463468537912923164785359671248841925637276348159694283571785419326132756894
517892436468537912923164785359671248841925367276348159694283571785419623132756894
168952437574638912923714865695871243341295678287463159739126584856349721412587396
986721354574389612213645987761538429829164735345972168432817596158496273697253841
852694173746831592913257648391425786567918324284763915438176259125349867679582431
985362741746918523213745698632587419879134265451296837594671382328459176167823954
832756941679142583145398276913875462526934718487621395791583624258467139364219857
975362841846719523213845679632597418789134265451286937594671382327458196168923754
576392481841675392293814756354267819768951243129438567985123674637549128412786935
867352941154986723293714865941275386326498157578163492639821574712549638485637219
789362541651748923234195786372651498546839172918427365193276854425983617867514239
657932841491758623283164975162483597738519462549276138974825316315697284826341759
758921634946378512213645879392157486467832951581469723824793165139586247675214398
971382645568947123234156897489671532357824916126539478643218759812795364795463281
864917352732456981159823746973684125485291673216735498628349517597168234341572869
482563971579142368613789542947216853265837194831954726354698217126375489798421635
439652871765918432281734956948123567357469218612587394174295683523876149896341725
567283941148967523392154876921375468675498132834612795713529684459836217286741359
712854963598631472634279851359426187487915236126387594971562348243798615865143729
846712953735498612291563748952371864418926375367845291683157429129634587574289136
924586371835971462167234589749815236256493718318762954673149825482657193591328647
586923741194687523237145968925731684863294157741568392478359216352816479619472835
291564873547381962863279145782143659439657281615928437958432716324716598176895324
683792451957614823214835967895126734742983516136457298469271385521348679378569142
517892346468357912923614875394281567176945283285763194832479651759136428641528739
297851634548376912163924587986213475412567893735489126351748269629135748874692351
298561734654387912173924658947213586512678493836459127361845279485792361729136845
876923541154678923329145768285731694963284157741569382498357216532816479617492835
986723541154689723327145869295831674763294158841576392479368215532917486618452937
961582743845637912273194568752846391418359627639271485586913274124765839397428156
785912643463578912219634857928347561341256789576891324694183275152769438837425196
263871459758469123194325768387146295516982347429537681942718536675293814831654972
976512843458396712123784659761439528892165374345827196539278461287641935614953287
293786451765491823184325796857214639429863175316957284542179368938642517671538942
681572943549386712273914658397245861856137294124869537912458376738691425465723189
982673541756148923314295678541936782639782415827451369173524896298367154465819237
968723541541896723732154689894635172217948356356271894473519268629387415185462937
568723941941856723732194685894635172217489356356271894473518269629347518185962437
678312594495687312213945768832761945751294836964538127529176483186453279347829651
598736241671482953324951687152369478439875162867214539745123896286597314913648725
581692743947835612263714958738251496456987231129463875675329184814576329392148567
527861439684937512913254867345672198892415376176389254469123785738546921251798643
287351694549876312163924587896213475412567938735489126351748269974632851628195743
275893641689471523314625978591736284438912765762584319153268497946157832827349156
976823541851476923324915678195634782438752196762189354643297815289561437517348269
572691483846537912913284765497163528368752149125948637651329874734815296289476351
526791348479836512813254796395462187782915463164378259948123675637549821251687934
752681394948537612613294758439872165867153429125469873381926547594718236276345981
976458321584312967123967845452879613318645279697123584765234198249581736831796452
967832451145976823283145796894513672572469318631728945356294187418657239729381564
861527943457396812923814765384275196615489237279631584792143658146758329538962471
852196734946837512173254698318675429564912873729348165437569281295781346681423957
765293841891647523234185769582936417416872935379451286923518674647329158158764392
462897531587316924913245768358921476674538192129674853241753689796482315835169247
682537941579481623314926857768154239491263785235798164143872596927645318856319472
561927834497368512823514769389275146615439287274681953752143698148796325936852471
562987341497316528813245769359821476674539182128674953281753694736492815945168237
976823541851476923324915678195634782438752196762189354683297415249561837517348269
372648951658971423194235876521867349846392517937514682783426195419753268265189734
632957841879641523145328976913485267468732195257196438796514382524863719381279654
632957841897641523145328976913485267564732198278196435426513789759864312381279654
697812345485637912213945786731528469856194273924763851172386594368459127549271638
798621453654389712123745896239816547547932168816574329472193685361258974985467231
712584963569371482834629157427895631153762894698143275346258719981437526275916348
962438751587961423314725869845213697736589142129674385493156278258347916671892534
268751943945368712173294856839175624416982375527643189792416538351829467684537291
268931745945768312173254896839175624416382579527649183752413968391826457684597231
893672541675148923214395867451926738729483615386751294932517486568234179147869352
849627351567931824123845679935216487612784935478593162286159743351478296794362518
863724951751698423924315687547931862632847519189562374498176235215483796376259148
863724951751698423924135687547913862612847539389562174498376215235481796176259348
462759381875361492913824756281546937796138524354972168639217845128495673547683219
647832951158679423392145768573481692824963175916257834489326517265718349731594286
659712843478396512123845697896574321542631978317928465734159286265487139981263754
892567341745931826613824795281345679539678214467219583978153462324796158156482937
873692541156847923294135876981764235465283719327951684612479358549328167738516492
952387641746951328183264795839516472615472839274893156397128564568749213421635987
872963541165847923394215786723581469681479235459326178517634892938752614246198357
873952641645178923291364857389417562526893714417625389962531478734286195158749236
825671943647395812913824576478913265391256487562487391184562739236749158759138624
857923641619478523234615879921346758765281394348759162482537916593164287176892435
872693541165847923394215876723581469981476235456329718517934682638752194249168357
792865341458391627163724895934586172875132469216479583347918256681257934529643718
139728465657491823284356791812569347763284519945173286471932658528617934396845172
692781345547693812183245796239576184468912537715834629351427968974368251826159473
527496831934812657861573942659328174148957326273641589492135768785269413316784295
917562834846397512253814769498271356361459278725683941534926187679138425182745693
912854673576931482834762159489215736157693824623478915761329548398547261245186397
132789654896541723745263189529176438418352976673894512957438261284617395361925847
761892543549367812283514769892645371135789426674123958358276194427931685916458237
197324856658971423234856719863142597521769384479538162945283671716495238382617945
745621398863945271192873654278416539931258467456739812619582743327164985584397126
671582934459367812283914576536871249947235681128496357364128795812759463795643128
976382451541967823832154976693415287284793615157628349465831792729546138318279564
257691843864357912193284765942175386518463297376928451639812574721549638485736129
517862493498537612623194785359671248841925367276348159934286571785413926162759834
178952436594638712623714895965871243341295678287463159739126584856347921412589367
198752436564938712723614895975861243341295678286473159639127584857346921412589367
723681954586497123914235687459826731837914265162573849691352478275148396348769512
482675391967381452513924876825146739349257618176893245751462983694538127238719564
852961734946738512173254869794615328315892647268473195537129486689347251421586973
829673541651489723374215869187326954432951678965748312248537196593164287716892435
923487156786591423145263897514672938839145672672839514497358261258716349361924785
756382941981647523324195768273856419619473285548921637492538176135764892867219354
457683921198542367623719845984251673231876459576394218345967182719428536862135794
769382541481657923532194687873416259295873416146529378954731862627948135318265794
482657931657931824913284765539712648874365219261849573396428157128573496745196382
561892743849367512723514698982745136635921487174683259397156824458279361216438975
284659731567381924193724856671943582935268147842517693456192378318475269729836415
864951372732468951159723846973684125415297683286135497627349518591876234348512769
837921564965784123214356798392678415458193672671245839149837256783562941526419387
685372941197648523234195687453926718729481356816753294342517869968234175571869432
685372941197648523234195687543926718729481356816753294372514869468239175951867432
892651734746839512153274698978123465365748129214596873539417286627385941481962357
671284953485931672293576148968127435534869721127345896342718569719652384856493217
875263941946718523123945867259836714768421359431579286392184675517692438684357192
429567381851932476763814952317495268642178593985623714298356147176249835534781629
837962451596147823124385769713859642945236187268471395652718934479623518381594276
867321594459876312123945678571438926932657841648192735315289467284763159796514283
256783941874691523139245786395427618482156397617839452928374165741568239563912874
798423561651897423324156978162938745579241386843765192916584237485372619237619854
123874659678591423945362178569137842812459367734628915497286531256913784381745296
263981457859467123174235869398146275617592348425378691742819536586723914931654782
928763451165849723374125896891234675736951248452678139649382517517496382283517964
652378941789641523134295678543916782916782435827453169371524896298167354465839217
321987645769541823845362179587693412693124587214758936932416758476835291158279364
631792845798541623245836197812653974456927318973184562527319486184265739369478251
652981743749356812183274659921647385564839271378125964897513426416792538235468197
618792543974835612523164789437689125892451367165327894359216478246578931781943256
561972843947385612283614597375846129892153764416729385638297451724561938159438276
631782945879541623245936187912653874456827319783194562527318496194265738368479251
832974651697581423145362879563817942928453167714629385471296538256138794389745216
852763941679418523134925687593872416216549738487136295961287354745391862328654179
974326851865791423213845769457938612139264587682157934348619275526473198791582346
168952734459637812273184965592461387836579421714328596647293158385716249921845673
839726154675481923214359867527938641491672538368514279186243795742895316953167482
751682943964357812283914756842761395315849267679235481536478129497126538128593674
789623541651487923324915786192736854438592167567148392843279615276851439915364278
826751349475936812913284756358462197792815463164379285549123678637548921281697534
796432851185679423234815976951726384428593167673184295349257618867941532512368749
869723541571468923234915867952346718617892354348571692486139275725684139193257486
287634591651982473394751826863219745412578639579346182948163257135827964726495318
742561893965837412183294576394675281216489357578312964431758629829146735657923148
682937541975481623134625789351276894429853167867149352293768415746512938518394276
871425396956381742234679185549812673162734859387596214423158967698247531715963428
492376581567981324813245769935812476678493152124657938281734695746529813359168247
356792841894615723271384659589126437463957218712843596947238165128569374635471982
293467851786591423145823976574139682912678345638254719461385297827916534359742168
846723951175689423293145876584316792761892345932457168359271684417568239628934517
763498251589612743124753986951837462476129538238564197647285319315976824892341675
783496251569812743124357986951738462476921538238564197647285319315679824892143675
618572943473869512529134786984625371731498265256713894195286437347951628862347159
142573968587961432693248751839456217215789346476312589951637824328194675764825193
823957146796841523145362978518634297937125684264798351651479832482513769379286415
769812354845379612213645798391726485657481239428593167982134576176258943534967821
952781436874635912163294578739416285281579364546823791495368127328157649617942853
579632841416798523832145796983274615641359278257816439125463987764981352398527164
781325964456791832293864157572938641349176285168452793935287416817643529624519378
796823541514679823328145976285491637463752198971368452847536219139284765652917384
386952741974618523215734896861495372593276418427183965132849657759361284648527139
863724951751698423924135687547913862612847539389562174498276315235481796176359248
978621453564389712123745896259816347386574129417932568742193685631258974895467231
672839541958741623134265987281673495549128376367954218893416752426587139715392864
746832951185679423329145876834926517671583294592714368917358642263491785458267139
746832951185679423329145876834926517591783264672514398917358642263491785458267139
823975461617482593945361827792853146584716932136249758479638215261597384358124679
973682541156947823284315976891764235465823719327591684612479358549238167738156492
253968741896471523174325869789543216562197438431682975945236187328719654617854392
962743851157869423384215769895324617476951382231687945623578194549136278718492536
578629341649371852123845796912583467356794218487162935861937524295418673734256189
579632841416798523832145796983274615641359278257861439764983152195426387328517964
746823951815679423239145786394582617581367294627914538978236145162458379453791862
285763941946518723317294865839421576562379184471685392794136258158942637623857419
879623451615498723234715968921354687467281395358967142792536814583149276146872539
869723451715498623234615978921356784647281395358974162492537816583169247176842539
968372541457918326123645897394821675675493218281567934519284763842736159736159482
972463851651789423834215796587921634423678519196534278749156382218347965365892147
569782341478319526123645978354921687681473259297568134715294863942836715836157492
648372951957618423123945867419826375376594218285137649534281796862759134791463582
875932461169874523234156879923465187517283946648719352486397215792541638351628794
692781345547693812183245796239576184468912537715834629851427963974368251326159478
762951843459638712183274956921467385835192467674385291597813624348526179216749538
625793841794581623138264795869135472251947386473826159912378564347659218586412937
942516783586397412173284659457863291319752864268149537691478325834925176725631948
968321547547869312123574968234185796679432851815697234352716489781943625496258173
251839467968471523374562819493625781782914356516783942147298635635147298829356174
792536841546871923183294675874915362319762584625348197961423758238657419457189236
512638947768491523394752861923514678475386219186927435851243796237869154649175382
857912634346857912912634785695478321478123569123596847761345298289761453534289176
291568437546397812783214596862731945915846723437925168379182654154673289628459371
867921354945683712123745896239516478418279635576834129352168947784392561691457283
867954321495132876123786945346271589951348762278569134639417258714825693582693417
247951638956837412183264795892173564365429187714685329439518276678342951521796843
936475821547182936281936547652718493413529678879364215195647382768293154324851769
856279341974831625213645798529483167347916582168752934491568273732194856685327419
689321745475968312213745896367594128892613457154872963721436589536189274948257631
965721843743689512182534967854962371239175486617348259576893124321456798498217635
247951638956837412183264795892175364365429187714683529439518276678342951521796843
648932571519786423327145968895673214731294685462518739174369852283457196956821347
547683921189452367623719845958241673231876594476395218394567182715928436862134759
765832941891476523324915768958124637476583192132769854283657419619348275547291386
768932541951486723324715869589124637472863195136579284293657418615348972847291356
894237651657891234132645789529184367481763925376952418215476893768319542943528176
547683921189452367623719845358241679291876534476935218934567182715328496862194753
146927853759368412283145679498213567325876194671459238817694325532781946964532781
697342581581679423324185967973824615258961734416753298135496872749218356862537149
679342581581679423324185967793824615258961734416753298135496872862537149947218356
786932451154867923329145786915274638847613295632598174271356849568429317493781562
675832941981476523234915768396281475417359286528647139849523617752168394163794852
273961485659748123184325967892156734437892651516437298961584372725613849348279516
861732549975468123234915786543296817718543692629871435356124978487359261192687354
596812743483795612712634985864571329235489167971263854629157438157348296348926571
286793451951864723734125869895431672643278195127659384479516238368942517512387946
853962741746518932291734685984125367567493218312687594179246853428359176635871429
792438165586791423314256798458923671679184352231567984123879546867345219945612837
752846913496731852813952647631279485928564731574318269349625178187493526265187394
689312745475968312123745896367594128891623457254871963712436589536189274948257631
296783451581964723734125968475831692963247185128659374849516237357492816612378549
812439765596871423374256819459123687681794352237568194123987546968345271745612938
789612534534987612216345879963824157421756983875139426657291348198473265342568791
614538297932647581758912634863754129471829365295361748529186473186473952347295816
984237651657981234132645798528194367491763825376852419219476583765318942843529176
526918734384567912719234865693751428845329671172846593268195347437682159951473286
597261843364879512128534697983145276451726938276398451619487325742653189835912764
721895463569341872834267159972684531148953627653712984395126748216478395487539216
721895463569341872834627159972184536153762984648953217395216748216478395487539621
721895463569341872834267159972184536153726984648953217395612748216478395487539621
712895463569341872834627159971284536253716984648953217395162748126478395487539621
283967541576841239194325786859416372461273958732589164947138625318652497625794813
873692451159874623264315879492186537638957214715423986547239168386541792921768345
721593864596841372834627915162784539489356127375219486917432658253968741648175293
796823541154697823328145967275931684863274159941586372487359216519462738632718495
981627543647359812253814796398765421562481937714932658426573189175298364839146275
735926841496781523218345796354892617961457238872163954189274365523618479647539182
972861543485397612613524789291648375837159264546732891764213958359486127128975436
981267534467539812523184769654871923832956471179342685348715296795623148216498357
487612935659387412213945876521493687364758291798261543942176358135824769876539124
961372854547689312283514796356491287892735641174826539639248175715963428428157963
951672834647385912283914765365491287892756341174823659539248176716539428428167593
851672934647398512293514768365481297982756341174923685538249176716835429429167853
521379864678451932934826157452918673816735429793264518369142785147583296285697341
482695317975431862163278945754123698839567421216984753697352184321846579548719236
952863741687419523134725986293657418415982637876134295549371862761298354328546179
372946851568712943194853267983165472615274389247389516759431628826597134431628795
658921743439587612271634859742395186185762394963148275597213468314856927826479531
563872941879641523214395876951426738426738159387159264142583697635917482798264315
132498765869571423745362891524687139973145682618239574497853216286914357351726948
864752931379816524521934687296348175485271369137569842718625493642193758953487216
764582931359716824821934657296347185478251369135869742517628493642193578983475216
459762831671385924823194765387921546942657318165843297536479182218536479794218653
628793451571684923934125867785912346219346578346857219467239185192568734853471692
175982643894536712263714859739125486421678935586493271348259167957861324612347598
812937564965481723374562198159378642628194357437625819241853976593746281786219435
812937564965481723374562891159378642628194357437625189241853976593746218786219435
682791453457638912193254678931482567826579341574316289749863125368125794215947836
576283914948571362213649758452718639369452187187396425731925846824167593695834271
812937564965481723374562198159378642728614359436295817241853976593746281687129435
812937564965481723374562891159378642728614359436295187241853976593746218687129435
876923451951478623324156987462817539519364872738592146143289765297645318685731294
678521943493876512125934786984652371731489265256713894517268439342197658869345127
785326941941875623632914587329457168854163792167298435213749856476582319598631274
142853769598761432673249851935476218217985346486312597751638924324197685869524173
876312954945768312213945867139826475657431298428579136762194583381257649594683721
795832461681749523234156789347925618519683247826417935152374896468591372973268154
872693541965417823314825976481236795597184362236759184149368257628571439753942618
796812354548736912123945687372589461659124873814673295261458739485397126937261548
869732451751984623234156798697318542428695137315427986942871365186543279573269814
682375941547961823931284576853617294174529638296843715769438152425196387318752469
576823941184679523239145876825936417741582369693714285917258634362491758458367192
746832951185679423329145786834926517591783264672514398918357642263491875457268139
456873921917542386283961745572384169394617258861259437148735692639128574725496813
576823941814679523239145786725936418941782365683514279198257634362491857457368192
721953684568741932934268157453189726892576341617432895376825419145397268289614573
874925631935681742126734895298163457341597286567842319659478123783219564412356978
257861934846539712193724865971645328428317596635298471569183247382476159714952683
976832451581974623324156798612543987437289165859617234765391842198425376243768519
796821345854379612213645798132598467987164253465237981671483529348952176529716834
759862341346517829281934657938125476567349182412678935194253768675481293823796514
253769841796841523184325697378612954419583276562974138645197382921438765837256419
892563471465781392713294658281649537937815246546372819374128965658937124129456783
951672483846539712723184659562318974439725168178946325395867241217453896684291537
386724915549861372721935846958372461173456289264198753692587134437619528815243697
895162734647835912213794586489217365536489271172356849364528197921673458758941623
492586371835971462167234985974815236256493718381762594643157829728649153519328647
467892351518673924923145867349286175176459238285317496832764519654921783791538642
627943851591678423834215769485396172712584936369721584978132645153467298246859317
697812534548367912213945786371584269462791853985623471826159347134278695759436128
852973164649851732713246958538129647291467385476538219324715896187694523965382471
851273964649851732723946158538129647192467385476538219314795826287614593965382471
659741382437829651812563794384172569276958143195436827528314976761295438943687215
158792634497386512263154798984275361316849275725631849572913486639428157841567923
654872931398516724127934658783295416946381275512647893269158347431769582875423169
487652931569317428123894567912548376645273189738961245351726894896435712274189653
286739541475681923193245687354816792768923154912574368849157236531462879627398415
421876539786935412953124687842693175367251948519748326235467891194582763678319254
568712934473986512219534687784625391931478265625193748156249873397851426842367159
132857964768941523945362817513684279687529431294713685851476392429138756376295148
967321548548769312123584967234815796679432851815697234352176489781943625496258173
741692358956837412283145697398214576512376984674589123869753241125468739437921865
981237645547698312623154798439725186816349257275861934752413869198576423364982571
645872931793516824218934657487293165352681749961457382829765413174328596536149278
265973814948561372173842659357489261619327485482615937831254796594736128726198543
732658941869741523145293867493862715571934286628175439914586372287319654356427198
293876451657149823184325796546913278832457169971268534719534682325681947468792315
762591384945837612183624975294153768316782459578946123851479236639218547427365891
941523876657981342283746159834295761579164238126837495412679583768352914395418627
971832654856491723324756189469273518517689342238514976142367895695128437783945261
971832654856491723234756189469273518517689342328514976142367895695128437783945261
321987645769541823845362179517693284698124537234758916982436751476815392153279468
967382541581649723234175968872951436396427815415836297659218374148793652723564189
968251743547638912123974865481562379235749186679183254752316498314895627896427531
287961543459837612163524798692183475514792386378456129846319257931275864725648931
739482651581976423624135978412593786965728314378641295843217569157369842296854137
925763841764891523138254769849325617253617984671948352416539278382476195597182436
218934756769581423345267819491375682627198534853642971982453167536719248174826395
672958431458316927913724856346871295129435768785692143567289314231547689894163572
691257843547839612823164759438725196915346287276981435752413968169578324384692571
872961543469538712513274986735682194948315627126749358681497235354126879297853461
876932451451768923293145867945326178618574239732891645384259716167483592529617384
826954713795831462134627958467295831389416275251783694612349587578162349943578126
852971634746538912193624758921745863365892471478316295537489126614257389289163547
592378641487651923613294857941765382365182794278943165136529478754816239829437516
692851734845397612173264859389615427516742983724983165261439578957128346438576291
981237645547698312623154798439725186816349257275861439792513864158476923364982571
961237854457896312823154769398725146615943287274681593742519638136478925589362471
967823541145967823328145679259436718471598362683712954816374295592681437734259186
985326471417895326263174985876219534342657819159438762528963147694781253731542698
217564398658931472934728615893452761542176983761893254429685137175349826386217549
263589741945716823178234965814693572526847319397152684732961458659428137481375296
245689731963715824178234956824396517516847392397152648732961485659428173481573269
682951734547836912913274856261498375859367241374125689796513428435682197128749563
928731564756894123314256879461589237539172486287463951172345698895617342643928715
967425813584371962213869745836157429492638157175294638721943586349586271658712394
967425813584361972123879645631758429498132756275694138812943567346587291759216384
917425863564381972823976145136758429489632751275194638692843517348517296751269384
792465813854371962613829745376158429948632157125794638281943576569217384437586291
679238541158974623324156978847612359293785416516493782961527834435861297782349165
279463851586179423314285967945316782627854319831792546158637294463928175792541638
278963451956148723314275869849316572627459318531782946195634287463827195782591634
967425813584371962213869745821943576349756281756182394638517429492638157175294638
867425913594381762213967845921843576348756291756192384639518427472639158185274639
852396741649571823173824695796213584514789236238645179925467318467138952381952467
392784561857961423164325987248536719971842635536179248489217356615493872723658194
764593821851472693293618745436189572182745369579236184947361258328957416615824937
428736519657941382913285746364827195895613274271459863742398651589162437136574928
428736519657941382913285746364827195895613274271459863742368951586192437139574628
428376519657491382913285746364827195895613274271549863742938651589162437136754928
875921643439756812126834975748615329951283764263479158692148537387562491514397286
729463518546781392813925746934652187671348259258197634485236971367819425192574863
592476813648351792173928546489137265317265489256894137961542378724683951835719624
672594813458371692913628745346917528291865437785243961137456289869732154524189376
682473915954861372713925648527619483841357269369248157496782531138594726275136894
786932451951478623234156897693724518547681239128593764475219386812367945369845172
792683451516479823834215967163928745945736182278541396421857639389162574657394218
263879451857461923194235687349186572518792364726354198971623845485917236632548719
263879541587461923194235687359186472418792365726354198971623854845917236632548719
982463175456871932173925648748239561319586427265714893537648219691352784824197356
976425813548391762213867945869743521321956478754182396637519284492638157185274639
279465813548391762163827945986743521321956478754182396637519284492638157815274639
672485913459371682813926745921643578564798321738152469386517294247839156195264837
821537946976481523345962187758629431692314758134875269413756892567298314289143675
921837546876451923345962187597628431682314795134579268413796852769285314258143679
253897461978461523164235879345916782819572346627384195491723658586149237732658914
273964581965781423184235697349816752718452369526397148491623875857149236632578914
785329461691847523324156879412783956957461382863295147538972614176534298249618735
718423659965781423234956781853697142427135968691248375572314896349862517186579234
692574318847931562153628749921485673375216894486397251539742186714863925268159437
851294763497631582623758194938126457216475839574983216365847921789312645142569378
632958741589741623714362895475126389891537462263894157927483516146275938358619274
523968741689741523714352896457126389891537462236894157972483615168275934345619278
623958741589741623714362895457126389891537462236894157972483516168275934345619278
478256931956831724213974658762489513391562487584317269849125376127693845635748192
758329461961748523324156879512863794647591382893274156435982617179635248286417935
246587391597361482183924576862145739319872645754639128471258963938716254625493817
285964713946371852173528946839245167524617398761893425697482531312759684458136279
694728153387541692521936748762894315139652874458173269916285437873419526245367981
457926831691358742283714695842691357365872419719435286978163524536249178124587963
761825934945637812283914567879563241354271689126489375432156798597348126618792453
147962835659837412283145796498726351316594287725381649861253974974618523532479168
862945173354871692971632458136584729285719364497263581723158946548396217619427835
563297841947518623281364759896425317175983462432671598614832975329756184758149236
372946581568712493194853726957168342413529867286374915821435679639287154745691238
986321754475968312213745869739816425561274983842593176328159647154637298697482531
578263941461957823392814576843725619219486735756391284924538167135672498687149352
657823941481795623392164758924617385136582497875349162743256819219478536568931274
281659437456837912973124685637591248598462173124378569862745391319286754745913826
976432851581697423324815796895241637462378519137569248749126385218753964653984172
823769541576481923914235786457823619692157438138694275789346152345912867261578394
579823641861497523324156879498372156637514982152689437983765214716248395245931768
652378941497651823813924567384195672529467318176832495741586239968213754235749186
821375469576941832934826751217483695349652187658197324482739516193564278765218943
694728153837541692521936748762894315319652874458173269986215437173489526245367981
287956341594371682163824579946183257815267493732549816329415768478692135651738924
678423951159678423234915876792364518461857392385291764913782645546139287827546139
368972541457816923921534687832169754795428316146753298619247835583691472274385169
571423698649581372283796145392678451815349726467152983128937564756214839934865217
796432851851697423324815796985241637642378519137569248479126385218753964563984172
961872354457693812823145697319587246246931578785264931172358469598416723634729185
573986241968142735214375689489213576627859413351764928795438162136527894842691357
276398541954761832183524976842135769519476283637982415461859327325647198798213654
523897641768541923914326875497218536852463719136975284649732158375189462281654397
867293541951647823324185697549836172638721954712954368475319286293468715186572439
798324561651897423324156897812743956963285174475961382539472618187639245246518739
821953476569741382734286915972865134385194267146372859697438521418527693253619748
672983451851674923934215768283759614495136287167842539548367192719528346326491875
621458793849371652753692148192783564384516927576924381467835219238169475915247836
257843619894651372163729845671394528342568197589172463938417256426935781715286934
257693841698147523314285769183976452426851397579432618765329184941768235832514976
741925386658371492293648751982467135415832967367159824539214678126783549874596213
652984173478351962193627845981275634726843519534196728369418257215739486847562391
254786913968531742173942856532179684419368275786254391821493567647825139395617428
254796813968531742173842956532189674419367285786254391821473569647925138395618427
329867451687451923145932678594218736261379845738546219412685397873194562956723184
786352491541689372293714658962847135418563729375291846839426517154978263627135984
942578361875361492163924785438156279719832546526749138351687924694213857287495613
953867241687412935124935876431629758268573194579184362846391527795248613312756489
421986753657341892983572146548613279792854361316297485834169527179425638265738914
421986753657341892983572146548613279792854631316297485834169527179425368265738914
918723456567481923234956871489512637625347189371869245153294768746138592892675314
257631984946587312183294765794163528315872649628945137539418276461729853872356491
562187943487539612913264785839671524154892376726345891395428167648713259271956438
981762345456938712723145689247813596519276834368594127832659471674321958195487263
982537641756481923134629857561974382849352176327168495293746518475813269618295734
682915743947368512513724869836571924154892376729436185465183297291657438378249651
786329541951486723324175689563718294849632175172594836295863417437251968618947352
726453918549781362813629745234867159985312476671945823467538291392176584158294637
123987654976451823845362719589274361731596482264813975692148537418735296357629148
872963451659841723134275896921584637547639218386127945793416582215798364468352179
752961834469538712813274965948125376375496281126783459681349527597812643234657198
752961834469538712813274965948125673375496281126783459681349527597812346234657198
872963451659841723314275896923584617547619238186327945791436582235798164468152379
792834561856172493134956827489217356213695748675483912967341285528769134341528679
587921643946387512123645798359816427618274935274593186461738259895462371732159864
253697841976841523184235697561974382849352176327168459732486915495713268618529734
621574893957831642834296751493782165582169374716345289365917428179428536248653917
921573684765841932834269157479658321186327549253914876342186795518792463697435218
719324865568971423234568917945612378673895142821437659452189736196753284387246591
258671934647953812193284657879415326316892475425736198731568249584129763962347581
297863541815947623364125798953786412426591387178432956649278135781359264532614879
465792831781536924923184657849273516317865249256419378592641783138957462674328195
751423689498671352623589147369817425184265793275934816937142568516398274842756931
579832461186974523324156798258693174637541982491728356963217845845369217712485639
942875631385146927761923845193584276457612389628397154876251493214739568539468712
392678541658941723174235689483517962925486137761392854549163278237859416816724395
768321945945687312123945867392518476614793258857462139279154683581236794436879521
768312945945687312213945867391528476624793158857461239582136794179254683436879521
967312458584976312213845967491723586328561794756498231872159643639284175145637829
612385974758491632934627815871256349426839751593714286389142567165973428247568193
721643598649581372853972146982157463516438729374296851438769215195824637267315984
879425613654391782123687945746853129295174368318962457961538274532746891487219536
793268451568471923124395876479186235851723694632549718245637189386912547917854362
467392851951678423283145769849726315315984276726531984638259147174863592592417638
698712534745386912123945768834691257256478391971253846582169473317524689469837125
689712543745396812123845796934671258256489371871253964592168437317524689468937125
592687134486351972173924856867143295319562487254798361935216748628479513741835629
912375864568941372734628159493567281125839746876412593381796425259184637647253918
687921354945736812123845679859317426412698735376452198238169547794583261561274983
912375684568941372734286159493567821125893746876412593381729465257634918649158237
867321954954678312213945768739216485521784639486593127342159876195867243678432591
912375684568941372734286159493567218125893746876412593381729465247658931659134827
872394516465871932913526847347285691591763284286149753738452169654917328129638475
768321945945687312123945867392518476416793258857462139279154683581236794634879521
768312945945687312213945867391528476426793158857461239582136794179254683634879521
281579634457368912693214758362891547948753126175642389529186473736425891814937265
752968341496315728813724695134592876965837412287641539528173964349256187671489253
297831654845679312163245879932716485478352196516498237359164728784923561621587943
876951324435682971912734658651473892298516437743298516369827145124365789587149263
857932461169874523324156798248693175736541982591728346673219854485367219912485637
853297641947516823162834759489621537216753984375489162524178396691345278738962415
978423561156879423324156789647931852239685174581742396863217945495368217712594638
879423561156978423324156798647531982238694175591782346963217854485369217712845639
679832451185947623324156798567413982238569174491728365953271846846395217712684539
679832451185947623324156798547613982236589174891724365953271846468395217712468539
387926451956481723124375689792614538435798162618253947561837294849162375273549816
895367421761942853234185976953276148426831597178459632649713285312598764587624319
267581934548937612193264758981675423325849167674312589759123846436758291812496375
297561834548937612163284759981475326325896147476312598759128463634759281812643975
968243751571689423324175689485936172712458396639721845146892537257364918893517264
293748561758169423164325987841256739625973814379814256982431675416587392537692148
293748561758169423164325987841256739625973814379814256982431675436587192517692348
682473915954681372713925846568719423241358769379246158497862531136594287825137694
678423915954681372213975846567219483841357269329846157492768531136594728785132694
862473915594681372713925846658719423421358769379246158947862531136594287285137694
562874913748931562913265847635748129891352674274196358457689231329517486186423795
276983451158674923394125678942736185563841792817259364489517236635492817721368549
286493751159687423374125689742836195563971842918254367497518236635742918821369574
218937645675841923394562817152389764739614258846275391961753482487126539523498176
798612345645378912123945786287593461356184297419267853932856174864731529571429638
458692731697315428213784965841253679369178254725946183536429817972831546184567392
458692731697315428213784965841253679369178254725946183536421897172839546984567312
548692731967315428213784965891253674634178259725946183356421897172839546489567312
248567391597381462163924875682145739319872546754639128471256983936718254825493617
248597361597361482163824975682415739319782546754639128936178254471256893825943617
982764513745381962613529847261897435397452681854136279439675128128943756576218394
741823956569471832283596147392754681415268793678319524837145269156932478924687315
596832741148567923273194856987625314324781695615349287762418539459273168831956472
562874913748931562193265847635748129981352674274196358457689231329517486816423795
952483716648751392173296845489675231325149678716328954567834129291567483834912567
632879541578641923914235786321954678469718235785326194853197462196482357247563819
632879541578641923914325786321954678469718235785236194853197462196482357247563819
592361478846579312173284956421936785368745291759128643935617824287453169614892537
921675483578341692634289751842937165315864927796152348459718236183426579267593814
978632541651487923324915786192376854435891267867254139743128695589763412216549378
978623541651487923324915786192376854435892167867154239749238615583761492216549378
562874913748931562193265847635748129981352674274196358457689231319527486826413795
978632541651487923234915786193276854425891367867354192749128635582763419316549278
978632541651487923234915786193276854425893167867154392749328615582761439316549278
962754318578931462134286957627319584489562731315847629891675243253498176746123895
462798351759631482183254679398175264614382795275946813847529136521863947936417528
467581923395267481182934756548716239216493578739825164624158397973642815851379642
248976531756813924193245687981452763327681495564397812672539148419728356835164279
253867941867941523194235876731584692945672318682319754418753269526198437379426185
547928631891367524623145789732594816184736952956812473465281397318679245279453168
293748561758169423164325987841296735629573814375814296582431679416987352937652148
253867941867941523194235876731584692945672318682319754416753289528196437379428165
293748561758169423164325987841296735629573814375814296582431679436987152917652348
825376941496581327713294685561439872938712456247658139354167298182945763679823514
597246813864731952123859746632178594941365278785924631258493167476512389319687425
756821934948367512213945768692583471834176259571294683169732845327458196485619327
273896541568714923194235867852973416719462385346158279981327654435681792627549138
921538674567491832834276159416957328253814796798623415349785261182369547675142983
925674813846931752713528649389245176254167938671893425497382561162459387538716294
268937145975841623314562879152386794736194258849275316691753482487629531523418967
941762853657938412283145769895426371316897245724351698132679584478513926569284137
687321945945876312123945768392517486418693257756482139269154873571238694834769521
687312945945876312213945768391527486428693157756481239572138694169254873834769521
591682743846739512273145689785924361319856274624371958132568497967413825458297136
682391547947856312153724698294185763365947821718632954871469235539218476426573189
481523967795861432263749851837915246912634785654287193546178329379452618128396574
968273541175648923324195876451836792836729154792451368249317685583964217617582439
968273541157648923324195876491836752835729164672451398249317685583964217716582439
489257631751836924263194758892645317317982465645371289936718542124569873578423196
782963541615487923394125768859316472436792185271548396548671239923854617167239854
482673915567491832193825746359746128821359674674182593948267351215938467736514289
967812534845397612123645987389471265456289371271536498792164853634758129518923746
678912453954387612213645897891524736546793281327861549739258164165479328482136975
512386794679541832834729156467215389983467521125938647391874265256193478748652913
521497863768531942934826157387215694649378521152649738416983275275164389893752416
758263941169478523324195876491836752836527194572941368247319685683754219915682437
789263541165749823324185976451936782936827154872451369247318695593674218618592437
758263941169478523324195876491836752836527194572941368247319685615782439983654217
758263941169748523324195876491836752835927164672451398247319685583674219916582437
965273841187649523324185976451936782639728154872451369248317695593864217716592438
492657381567813924813924765936741852158392647274586139645178293321469578789235416
542987361679531482183264957498715236315826794267493815734158629821649573956372148
542789631867135924913264785639571842154892367728643519395426178281357496476918253
842697531965138724713254698638571942159842367274369815597426183321985476486713259
842695731965137824713284695638571942159842367274369518597426183321958476486713259
542697831897135624613284795368571942159842367724369518975426183231958476486713259
842695731967138524513274698638751942159842367274369815795426183321987456486513279
632879541578641923914325786321954678469738215785216394853197462147562839296483157
539862741681497523274315698958236417426781359713549286192674835847953162365128974
296871345745693812183245679832159467964327581571486923358762194429518736617934258
971824356465391782823657941748962135592138467316745829234519678689273514157486293
587326941946781325123945678274853196839617452615294783752169834368472519491538267
597826341846731925123945678274359186389617452615284739752163894968472513431598267
746392851981657324253814769612489573837125946594736182379268415425971638168543297
982475613457361982163829745539218476821746359674953821746532198395187264218694537
982475613457361982163829745539218467821647359674953821746532198395186274218794536
697812345845763912123945678938527461451689237276134859319256784784391526562478193
812753964695841732734926158129564387387192645456378219571439826248617593963285471
812753964695841732734296158129564387387912645456378291571439826263185479948627513
821753964695841732734926158219564387387192645456378291572439816163285479948617523
812753964695841732734296158129564387387129645456378219571432896263985471948617523
679382541481756923523914876734865192216493758895127364348279615952631487167548239
954672381671398452283154967836725149715469823492831675349587216127946538568213794
697352481541678392283194567876925143319467825452831679734589216125746938968213754
946752381571638492283194567632875149719463825458921673394587216127346958865219734
956372481741658392283194567672845139519763824438921675394587216127436958865219743
835741962476925831192683547689572413253194786714368295927416358541837629368259174
842965371957132846163748952539417628681529734274683195496351287718294563325876419
827361954564897312913245786781524693392186475645739821438912567179653248256478139
897312645564879312213645789371584296928136457645927831439761528186253974752498163
976321845584679312213845967691534278827196453345782691438917526169258734752463189
528736941671492853394851627152369478439587162867214539945173286786925314213648795
952374816647581932183629745821793654539462178764158293496237581375816429218945367
968321754547698312123745968392516487675834129814972635489153276751269843236487591
642583917859741362173629548921837654738465129564192783496358271387216495215974836
785932641461785923923164587652813794349257168178649352896321475234576819517498236
786329451591847623324156879412783965863295147975461382638972514157634298249518736
759621348648397512213845769172569483965483127834172956491238675326754891587916234
913482765687951423245763819821649357564378192739125648472896531158234976396517284
417523896659871432823946751365419278981257364274638915746385129192764583538192647
856792431194836725273145698947621583325478916618953274539214867761589342482367159
865912734749368512123745869638594127951276483472183956297831645314659278586427391
639742851571896423824135976745921638392678514168453297483219765217564389956387142
632978154789541623145362897518639472963724581274185369497853216821496735356217948
912584763657391842834627159741963285296815437583742916378459621429136578165278394
196372854745689312283145769359726481418593276627814935931257648864931527572468193
697853421584612397123749856819375264736124589452986173361598742278461935945237618
587364921469512387123879645295436718371285496846791253938147562612953874754628139
962358741547961382813724659439576128675182934128493576384615297296837415751249863
861752943459638712273914865746821539392567481185349276634285197517496328928173654
576382941198746523234195768749851236361927854825463197682514379417239685953678412
579382641186749523234165789745891236391627854628453197962514378417238965853976412
378265941965841723124397865293674518586129437417583296751432689632958174849716352
932748561875691423614325789593184672468972135127536948749213856251867394386459217
542698713687341952193527648231974865469852371758136429975263184824719536316485297
697821354845736912123945678958613427316274895472589163239158746764392581581467239
945216873376958421182734659691487532428593716753162984839625147264871395517349268
632987154798451623145263987419528376863749512257316849921675438576834291384192765
452367981816592473793184652924873165368951724175426398647215839539648217281739546
273968541596471823184325679459712386837694152621583794962837415715246938348159267
652981734847536912193724658289173546364295187715648329538469271476312895921857463
736819524951462873248357961394725186187693452625148397469281735513976248872534619
736819524951462873248357961394275186182693457675148392469781235513926748827534619
