476985321591632478823147956389516742714328695652794183965871234147253869238469517
867312945459867312123945678731584296298136457645729831384671529572498163916253784
123795648697481523845362179534219786912678435768543291489157362271836954356924817
123795648697481523845362179534219786912678435768543291489157362271936854356824917
297618345845739612163245798329157864684923571571486239958364127416572983732891456
679312845854976312123845697931587426247693158568124973716239584392458761485761239
526873941874691325913245678691527834357418296482936517248759163169384752735162489
971682543458937612263145978639871254587423196124596837346219785715368429892754361
971682453548937612263145978639871245487523196125496837356219784714368529892754361
769821435584397612123645978295186347346972581817534269471253896932768154658419723
849752631573916824162834597691427385785193246324568719936271458457389162218645973
632874951578691423914235768291587634463129875857463219725348196186952347349716582
947852631583716924162934587671428395895173246324569718736281459458397162219645873
654912837873465912921783564768124395342659781519837246196278453285346179437591628
732856941698741523145293867453962178926178435817534296574689312269315784381427659
521693784786451392934287615419725863257368149863914257642139578398576421175842936
426378951587619432913245678751496823348127569692583147279864315165932784834751296
892475163576831942134269758489126537725983416613547829348712695961358274257694381
921583764576491382834267951413659278768342195295718436382175649149836527657924813
921573864586491372734628951419857236872346195653219487367182549195734628248965713
786912354495683712213745869329158647864327591571496283937861425158274936642539178
621594783579381642834627951498165237153872496762943518917436825386259174245718369
876312945945768312123945687291586734684273591537194268362851479758439126419627853
612534987859671342734298615491783256326915478587462193965347821173829564248156739
587612943649837512213594786792186354138425679456379821961258437824763195375941268
293647581657981423184325976741253698368479152529816347415768239836592714972134865
857612943946378512123945768372586491568194237419237856231759684794861325685423179
957612834846379512123845769372596481569184273418237956291753648784961325635428197
879612453654389712213745986192576348346128597587934261468293175725461839931857624
796812345485793612213645987361589274529174836874326591937251468658437129142968753
796812345485763912213945687361589274529174836874326591937251468658437129142698753
871254963549631782623987145937826451185349276264175398498512637316798524752463819
581264973649731852723958146938127465156349287274586391495612738317895624862473519
879621453654389712123745986291576348346218597587934261462893175715462839938157624
467812953859367412213945678792531864536784129148629537381296745625478391974153286
792831645548976312163245789236497158987513426415628973359184267621759834874362591
967451382354928671182763945438175296215649738679382154741596823523817469896234517
768251934945637812123894756297185463854763129316429578639518247481372695572946381
975682431841357629263914587689273154357146892124895763512769348796438215438521976
798312645654879312123645798432157986579286134861493527315728469247961853986534271
951823647746591832823647159387965421569412378214378965435289716192736584678154293
951823647746591832823647159587964321369152478214378965435289716192736584678415293
578932641961478523234156879783621495459387216126549387392815764815764932647293158
263897541957461823184235796492713685318654279675982134741529368839176452526348917
768923541591467823234815769852396417416782395379541682647139258925678134183254976
875912643934756812162834597651487329283195764497263185529671438718349256346528971
185692437746835912293174586952486371317259648468317295671923854534768129829541763
652871934478639512913254867291746385365982471847315629536197248789423156124568793
123789645679541823845263791582934176936157482714826359498612537251378964367495218
512784963698531742734962158451827639869153427273496581387649215126375894945218376
946152837735486912281793654398214576467538291512967483154329768623875149879641325
836591742954267831172834695748912356213456978569783124421679583695328417387145269
261485973457391682983726145846253719792148356315967428634812597178539264529674831
649835217751962483328147659875294136293618745416573892934721568187356924562489371
612849573785631492934275168829514736457386921163927854598163247371492685246758319
865712934473896512921534768798625341136489257542173689614257893259348176387961425
975263841146798523238154769814935672593627418627481395789316254362549187451872936
726854913458391762913267548361928457892745136574136829235489671149673285687512394
582367941417895326963124785834756192675912834129438567341679258296581473758243619
652378941847951623193624785389215476475836192216749538921463857538197264764582319
658732941417968523329145687945873216831296475276451839164389752793524168582617394
792438561856791234314256987468912375579384612123567498637145829285679143941823756
876312945945687312123945786352871694468593127719264853237158469684729531591436278
982615743465937812173824569819456327354792186726183954637541298291368475548279631
812375649576491382934628715498756231165832497723914856357289164681547923249163578
957621834846379512123845796569713428314258967782496153431567289298134675675982341
896721345475369812123845697641582973359174268287693451734918526562437189918256734
786321945954867312123945687372416598519738264648592173297154836461283759835679421
798321654654978312123645897372416589516789243849532176267154938481293765935867421
312987654698451723745362189569274831831596472274138965927643518483715296156829347
527493816496851372813672945235918764978564123164237589681349257352786491749125638
627459318549381672813276945952138467138647259476925183365894721791562834284713596
968723541571498623234156897459261738623875419187349256812537964795614382346982175
678312945459768312213945876841523697796184253325697481932871564587436129164259738
795823461861497523234156789613278954547961238982345176458739612126584397379612845
692871534748635912153294687925486371871352496364719258439128765217563849586947123
768312945459768312213945867841523679976184253325697481632871594587439126194256738
195862734643579812278134695984625371731498256562713948356981427427356189819247563
786423951159768423324915867271354689938672145645891372497236518563187294812549736
398472651765198423214365897459216738621783549837954216982537164146829375573641982
697823541158479623324615978281346795539782164746951382865237419473198256912564837
896712453457398612123645897539471268641283579278569134962857341314926785785134926
257684319946351872183792645835267194794513268621948537562439781319875426478126953
521984763976351482834627951497812536682573194315469827758136249169248375243795618
826794531579318624134256897452169378981437265763825149617983452398542716245671983
892456713645371982713928546439812675126537498578649321951264837387195264264783159
721695483586431792934827651473219865819356274265784319397562148142978536658143927
165392478974658312283174965352741689647589123819263547738916254426835791591427836
586921743934675812217834596379462158421589637865317429753246981192758364648193275
683792541759418623214356879465127398921683754837945216178234965396571482542869137
687523941451798623923614857798435216235167489146982735562871394819346572374259168
971582634456397812283614795892745361315869247764231589539476128647128953128953476
967283451581647923234195768472936185619758342358421697843519276725364819196872534
287564913694381572153279648842695731561743289379128465938457126716932854425816397
756192843849357612213684759192846375437519268568723194981265437675438921324971586
476925318859731462213648759921863574347592186685417293534189627792356841168274935
287316945645798312193245768958621437432579186716834259369152874874963521521487693
986321754547896312123745698859467123231589467674213985792638541368154279415972836
756912348948376512123845967231597684589264173674183259862731495317459826495628731
197862345645793812283145796351928467469571283728634951836259174974316528512487639
287316945645798312193245768358621497462579183719834256936152874874963521521487639
187926354645738912293145786356892471418573269729614835831259647974361528562487193
697321854845796312123845679256917483419683725378452196932168547784539261561274938
297681354845973612163245879359716428418529763726834195632158947974362581581497236
967241538834567912152893764349125687678439125521678493295314876413786259786952341
723698451596741823814235796935864172468172935172359648247516389689423517351987264
685712934947368512213945876852174693179236485364589127426893751591427368738651249
876912354945368712123745689351874296269531847784629531697183425418256973532497168
576812934834659712129734568398467251761325489452198673913546827285971346647283195
673982451589417623214356798961524387428173965735698214157239846396841572842765139
397862541516497823284135769759216438428953176631748295145629387862371954973584612
387962541596147823214385769759216438428593176631478295145629387862731954973854612
297463815456891372183275649671942538349586127528137964962354781834719256715628493
679283541581647923324195786253876419968421357417359862746532198892714635135968274
679382541851647923234195768392876415568431297417259836746523189983714652125968374
857296341491375826623184975569427183342618597178539462734852619285961734916743258
869372541751648923234195867342986715675431298918257436486723159593814672127569384
921836754856471923374952186682349571549718362137625849793284615265197438418563297
756291843849357612123684759291846375437519268568723194982165437675438921314972586
187392645945768312263145789356821497418579236729634158691253874874916523532487961
975621843684397512213845796839516427751284639462739185327168954196453278548972361
963482751578961423124375986249136578786549132315827694851693247497218365632754819
958273614647951382213846957329518746576429138184367295432795861791684523865132479
167328945845796312293145768958612437431579286726834159389251674674983521512467893
187926345645738912293145786351892467468571293729364851836259174974613528512487639
198726345645839712273145896351972468469581237827364951936257184784613529512498673
197826345645793812283145769356912487419578236728364951831259674974631528562487193
197682345845739612263145798356921487419578236728364951931256874674813529582497163
167928354845763912293145786359612478418579263726384195931256847674831529582497631
793428651518796423624135897947853162162947538385612749451389276836274915279561384
679312845854976312123845697931587426247693158568124973716239584392458761485761239
426859317758431962913627548865712439349586721172394685231965874584173296697248153
865927341947531826213864795521348679389675214674219583792153468438796152156482937
912564387578391462634782915456837291281459736793216548325148679167923854849675123
921574863675381942834629157462195738153867429789243615217458396396712584548936271
897612354645398712123745986351874269269531847784926531976183425418259673532467198
756921843934685712218734596389462175421579638567318429873246951192857364645193287
631792845798541623245386197812653974456927318973814562527139486184265739369478251
752691843496538712183724659821379564349165278675842391534217986968453127217986435
631729845798541623245386197812653974456972318973814562529137486184265739367498251
976283541581947623324165798253876419698421357417359862749532186862714935135698274
723698451859741623614235987942316578567482139138579246485167392371924865296853714
952387461678491523134256798283974156746815932519623847391742685427568319865139274
957238461681497523324156789273814956846975312519623847198742635432569178765381294
512973648786541932934268157491736285627485319853192764178359426369824571245617893
976835421541692378823147956394516782718329645652478193465981237137254869289763514
723968451596741823814235679935874162468192735172356948247519386689423517351687294
921564873765381942834729156472195638189643725653872419216458397397216584548937261
921574863675381942834629751462795138153862479789143625217458396396217584548936217
876321945594687312123945876938456127612739584457218693765194238341862759289573461
912574863675381942834629157461295738253867419789143625127458396396712584548936271
759812643648537912213964785491285376582673194367491258135746829874329561926158437
942658731657391824183274695398125476476983152215746983834517269521869347769432518
678912354459387612213645789831574296967823541524196837346259178192738465785461923
912534687758961432634827159479158326526379814381642975865793241147286593293415768
825394671476182935913657284142978563389465127567213849791836452258741396634529718
672854319845931762193627458739518246426379185581462937958743621264195873317286594
257386941869741523134295768973612854418953672526478319785129436392564187641837295
798621354456783912213945867375298146629134785184576293831462579567319428942857631
567821934489367512123945687875496123912538476634172859791284365356719248248653791
973684521685192734124357968492713856817265493536948172251876349768439215349521687
785923461691784523234156798413678952827539146956241387542817639168395274379462815
561732894947658312283194765356849271798215643124376958612487539835961427479523186
651792834947358612283164795536849271798215346124673958312487569865931427479526183
567923841149687523283145796958314672672598134431762985395476218814259367726831459
987324615456981372213675849642719538398452761175836294539247186724168953861593427
967324815548961372213875649496712538832459761175638294359247186724186953681593427
697324815548691372213875946462718539839452761175936284356247198724189653981563427
548762931179538624263914875315486297986127453724395186691253748857649312432871569
123987645896451723745362981417823596682519374359674812938246157261795438574138269
951862734648357912273194865867943251439215687125786349312578496794631528586429173
689512743354697812721834956972481365416753289538926471893175624245368197167249538
526498731187532946934761285452913678319876524678254319895347162263185497741629853
285769431469813725173245968591436287832157649647928513754681392328594176916372854
657982431941367825283145769839726514516439278724851693368214957195678342472593186
681972543547368912923145768358726491416589237279431856132894675764253189895617324
516723984498561372723849651345182796967354128182697543851276439234915867679438215
416725983598361472723849651345182796967534128182697534851276349274913865639458217
516329874487561932923748651359172486864935127172684593791256348245813769638497215
516329874487561932923748651395172486864935127172684593751296348249813765638457219
347652891856197423291384765784215639962873154513469287179526348425738916638941572
785632941164958723293714586349275618851463297627891435478126359516349872932587164
765832941184956723293714568349285617651473289827691435478129356516347892932568174
785632941164759823293814576348275619951463287627981435479126358516348792832597164
875632941164859723293714586348275619951463278627981435489126357516347892732598164
362987145978451623145263897281536974439712568756894231513679482627148359894325716
698123745754689123321745869149236587586417392237958416872364951915872634463591278
821564379597381462634279851489625137176893245253147698362758914915432786748916523
627891453548367912913245768356429187482176395179583246761952834234618579895734621
176932458958471623234856791469213587587694312321785964892367145745129836613548279
176932458958471623324856791469213587587694312231785964892367145745129836613548279
825793641769412835314685972481236759536179284972548163193857426657924318248361597
925836741876412935134795682491267853567183294382549176613958427758624319249371568
179432658658971423234856791496213587587649312321785946842397165765124839913568274
179432658658971423324856791496213587587649312231785946842397165765124839913568274
126973854897451623345862719459726381683149572271385946534297168718634295962518437
382769541756481923194325678278653419415892367639147852947518236863274195521936784
591623784678451392234987156327594618485162937169738425742819563816345279953276841
865921743934758612217634895793165428521489367486273951652397184179842536348516279
351728964786941523294356187812674395945813672673295841567182439439567218128439756
752681934946357812183294657298173465415826793367549128539718246674932581821465379
691872354857439612234156789568723491143598267729641835315284976972365148486917523
936782541754619823128345769895126437412837956673594218241968375387251694569473182
736982541954617823128345967815726439492831756673594218349268175267159384581473692
179582634458936712263714859792348165531269487684157923946825371327691548815473296
821397456796541823345268917574829361139476582268135749417683295683952174952714638
892361457567849123134275986459126378716438592328957614273514869941682735685793241
573682941698147523214395786857216439429873615136954278942538167361729854785461392
352678194687491523194352786971564238826913475435287961563749812219835647748126359
158927346947386512263145987682573194514869273739412658371258469496731825825694731
148972356957368412263145987682437195514896273739521648371284569496753821825619734
912576483685341972734928156571234869348619725269785341497152638123867594856493217
167928345845736912293145768358672491416593287729814653631259874974381526582467139
167392845945786312283145769358621497416579238729834156891253674674918523532467981
283697541576841923194325678958416237461273859732958416847539162329164785615782394
786312954495786312213945867821593746634278591579164238962851473347629185158437629
297318654845976312163245798358761429416529873729834165682153947974682531531497286
647521983538749621192863745829175364316498572754236198971382456265914837483657219
678523941491867523532194786983416275267359418145782639854971362716235894329648157
978263541561947823234185796459736182612894357387521964843619275726358419195472638
678293451591487623234165798745936182912548367386721945853614279427359816169872534
679523841481967523532184796893416275267358419145792638954671382718235964326849157
896732451571694823234815967183527694765943182429186375642378519318259746957461238
875923461916784523324156978251847639439612785768539214643298157192375846587461392
876932451915784623324156978261847539439521786758693214593268147142379865687415392
657892341981374652234156798572481963463729185819563427398247516145638279726915834
712845963586931742934276158348129675691357824275684391459718236163492587827563419
978243651651987423234165798895736142412598367367421985583619274729354816146872539
821753694695841372734296158219674835358912467476385921587439216163528749942167583
196328754845976312273145698357692481419583267628714935931257846764831529582469173
897261345645398712123745689352917468469583127718624953936152874274836591581479236
968172345457398612123645879394821567671953284285467193519284736736519428842736951
612985473578341962934726851457293618826154739193867524369472185781539246245618397
521963874987451362634728951375294618862135749149687523496372185718549236253816497
826754913745391862193268547261987435389542176574613298438175629952436781617829354
826754913475391862193268547261983475789542136534617298348175629952436781617829354
526478913348591672971632458219346587634785291857129364492857136185263749763914825
971426583468351972523789146832974651194568327657132894349215768785643219216897435
697821345548639712213745968851476239329158476764392851936217584482563197175984623
392867541568941723174325968983154672615792384247638195851479236726583419439216857
872963541564781392193245786721596834435128679689374215948632157316457928257819463
875623941416798523329145768934571682581264397267839415198356274743912856652487139
852397164476581392193246758739812546614975823285463917548639271321754689967128435
692518347845637912713924865364782159957163428128459673439271586571896234286345791
167329845945768312283145769358612497416597238729834156891253674674981523532476981
712548963956731482834692157387214596561379824249865731475923618628157349193486275
851792643746358912293164758987215364365849271124637895539426187418973526672581439
467953821519482367823671945348195672956247183271368594134829756792536418685714239
862954371493712856751836924184295763627483195935671248346129587218567439579348612
291536478485971362763284951942715836356498127178362594634129785819657243527843619
295674813748391652163528749439285176852167934671943285987436521316752498524819367
825674913467931852913258647389425176254167398671893425792346581146582739538719264
148952736956837412723614895439285671617349258285761943374526189892173564561498327
798621354645873912213945786936157248824369571571482693352718469489536127167294835
498327561675981432123645789751493628984762153362158974539816247247539816816274395
791326845645978312283145697956817423418632759327459186839264571174593268562781934
297381654845967312163245798358716429416592873729834165682153947974628531531479286
297318654865497123134256987571684392942135768386729415458971236629543871713862549
281573946597461382634289751429816573816357429753924168965142837378695214142738695
973265841658741923214389765749132586532678419186594237391827654867453192425916378
541293678768541392293876514359764281482159763176328459937682145815437926624915837
957384621614592387823176945489257163531468792276913458792841536148635279365729814
957483621614592387823176945439758162581264793276319458792841536148635279365927814
289563417457981362613247958591428673324675891768319245936752184872194536145836729
962781453457369812183245796294516378318497265576823149639172584745938621821654937
921837546687451923345962187853679412174528639296314758718246395439785261562193874
178932645569478123234156798493827516617549382825361479341295867986713254752684931
482617953657398412193245768831572694274869531569134287946781325328456179715923846
821953764765481392934627158589146237372895416146732985618279543457318629293564871
254836971986751342173294865792415638345682719618379254461927583539168427827543196
658293471791486523234175986982634715416752839375918264863529147527341698149867352
297863451561742893384195276842931567619527384735684129973218645458376912126459738
297863451561742893384195726842931567639527184175684239913278645458316972726459318
512467893798351642634829157349218576871536924256794381467185239925673418183942765
942763815675841392183295647537618924296457138814932576451376289329584761768129453
846792135937561482251834796518479623763125849429683517694317258375248961182956374
132897654768541923945263178613975482297486531854132769479358216581629347326714895
968423571175698423324715698491356782736284159582971364249537816853169247617842935
927581436654397812183264975846172359219853764375946128532419687791628543468735291
528936741691472538374815629249567183815329467736148952953784216482691375167253894
748912365659378412213645789961584237384729651572136948497861523825493176136257894
375964821846512739921738645198256374763491258452873916587129463239645187614387592
795348261861972543324165789258617394416293857973854612549736128632481975187529436
964728351857931624123645879598216437312874965746593182235189746479362518681457293
652893741719462835384175296841926573293517684567348129975684312426731958138259467
594728631867391524123645879358216497716954283942873165235189746479562318681437952
812954673675831492934276851489523716527169348163487529356712984791348265248695137
784235961956471832123968745239856174865147293471392586347529618598613427612784359
132897654769451823845263197973685412581742369624319578498576231257138946316924785
512463798876591342934728156627185439149236875385974621791842563468359217253617984
612954387975381462834276915496823751587169234123547698359712846761498523248635179
361294875759861423824357619293516784645728931187439562518972346972643158436185297
254879631798361425163245789946518372512637948837924156379152864485796213621483597
986312745574689312213745869691534278728196453345827691432971586167258934859463127
768342951951687423324195687483276519519438276672951834297514368146823795835769142
862973451957184623314256798478621539125397846639845217243718965586439172791562384
829546713756831942134297856945783621381624597672159438293478165518962374467315289
827456913495381672613972548741829365239564781568137429986245137354718296172693854
479385621158462397263791845341956278795238416682174953837549162524613789916827534
948562371561837942273194856482375169639421785715689423394756218126948537857213694
864392571971658324253714896432875619615439287789261435397586142548127963126943758
953672841768149523124385967872953416519426738436718295241837659397564182685291374
287563914965471382134829756429185673816347529753296148572934861341658297698712435
671329854958741623324568791489137562512694387736852149267483915195276438843915276
247958631951367842863124795692841357314576289785293416539782164176435928428619573
496835721571942638283167945349586217865271394712394586138659472624713859957428163
182953764795641832634287159968574321417362985523819476356498217841725693279136548
186932754945687312273145689359826471614579238827314965791253846532468197468791523
821574963576391482934628751452789136389156274617432598768215349145963827293847615
965782341147369825283145769359824617418697253726531984891253476674918532532476198
976823541851497623234156897468931752519278436723645189182364975347519268695782314
976832541851497623234156897468319752519278436723645189182964375347521968695783214
231879654689451723745263189452138976918746235376925418823614597567392841194587362
928573641516492738734861295385916472167254983249738156451329867872645319693187524
867921354954638712123745869389152647246387591571469283795813426618274935432596178
869721345754638912123945786382157694946382571571469238295813467617294853438576129
947286351658913472123745968281594736536872149479361825792638514315429687864157293
572398461468152397193647852381925746924786513756413289819234675247569138635871924
872395461465182397193647852351928746924716583786453219519234678247869135638571924
168792453457368912293145867941823576376451298825679134532986741684517329719234685
297681354654379812183245769471593628832764195965812437346928571519437286728156943
791682534548397612263145879152468793384971256679253148937816425416529387825734961
481962735956837412273145689798624351314598276625371948562483197137259864849716523
986312754574689312213745869691534278728196435345827691432971586167258943859463127
879362541156847923234195786392658417548721639617439852961284375425973168783516294
721356894685491372934728156493815627562937481817264935359142768176583249248679513
879362541156847923234195786392658417548721639617439852761284395425973168983516274
285791463467358912193624587934175628516832794728469135879513246351246879642987351
259683741786419523314275986845196372623547819197832654978324165461958237532761498
852473619479561382163829457735294861921638574648715293596142738384957126217386945
842573619579461382163829457734295861921638574658714293496152738385947126217386945
468921753579368412123745896712836945394152687685479231951287364847613529236594178
527963814489571362163248957692857431814326795735194286271689543946735128358412679
921584763568371942734962158349817526815236479276459381452198637187643295693725814
921485763568371492734962158349817526815236974276549381492158637187693245653724819
263794851785162493194358276859421367317986542642537918921875634436219785578643129
961782534547369812283145769639527481815496273724831956372654198198273645456918327
196732845745968312283145697862517934934826571571493268357681429428379156619254783
562891743847356912913724658438967521759213864126485397271639485684572139395148276
961274583748351692253896147892137465315648729476529831637412958589763214124985376
691428753745391862283756149834167295912534678567289314379642581426815937158973426
547692831698317425123845796981276354354981672276534189769123548412758963835469217
968423571175698423324715698491356782637284159582971364249537816853169247716842935
469812753578396412213745698831459276945627381627183945156274839384961527792538164
746258391951376482283194567462783159319562874578941623897415236125639748634827915
567821934489376512213945687892453761146798253375162849634287195751639428928514376
791256384658341792234897156982634571573912648146578923317489265425763819869125437
746852931581639742293174685962741358418365297375928416837416529124597863659283174
875362491941578362263194758582749136719653824634821579396487215128935647457216983
823974561597162483164358792271846359439521678658739214942685137315297846786413925
623487951975612843814953726751839264486271539239564187162395478347128695598746312
872593461465182397193647852531928746924736185786415239319254678247869513658371924
572983461469152387183647952931825746824736519756419238318294675247568193695371824
736851924954267831182934765847613259213598647569742318328175496675429183491386572
286917345945368712173245698359726481418593267627184953561472839832659174794831526
647519382358267941192834675421375869873926154569148237936751428285493716714682593
521493867769581432834762159473918526915276384286345791342159678198637245657824913
512483769986571432734962158345817926267349581891256374428135697173698245659724813
921753864567841392834629157493182576215476983786395421372518649148967235659234718
246781953758396412193245678861432795532179846974568231489613527327854169615927384
923857146768491523145263879537924681816375492294618357489132765671549238352786914
286371495975468123134295867493516278627983541518742639351627984869134752742859316
819523764576491382234876159482719536961345278753268491398152647627934815145687923
821593674579461382634872159482719536916345728753628491398156247267934815145287963
821593674579461382634278159452819736916347528783625491398156247267934815145782963
136829745879541623245367819521634987798152364364978251617295438483716592952483176
571263498486591372293748651834927516962154783157386924749612835318475269625839147
142598763586371492973246158691783245835462917427915386759834621368129574214657839
658324971947581362123679845395716428816243597472895136761438259239157684584962713
957824361648531972123679845395716428816243597472985136761498253239157684584362719
597824361648351972123679845359716428816243597472985136761438259235197684984562713
754682391698317425123945876981236547547891632236574189469123758312758964875469213
259786431746391825183245769698514372512637984437928156374152698865479213921863547
968715432734286591152934786293671845586349217471528963345197628619852374827463159
259387416874561392163942758738295641946718523521436879482679135315824967697153284
198372645754869312263145789835726491916483257427591863349258176582617934671934528
248571639657398412193624857972143586315867924864259371439782165786915243521436798
698423751175689423324715986549836217281547369736291548862374195417958632953162874
285463917946781352713529648671934825432856791598172463327645189869217534154398276
912586734675341982834279156381794265549632817267815349498167523126953478753428691
298356417465971382173842956957283641834617529621495738742568193319724865586139274
867912354495863712123745689932584167546197238781326495374659821658271943219438576
897612354465793812123845697932584761546137289781926435674359128358271946219468573
245967831769318425813245679951784362384621957627539148492176583176853294538492716
245967831769318425813245679951482367384671952672539148497126583126853794538794216
245867931768319425913245678851792364394681257627534189482176593176953842539428716
245867931768319425913245678851792364394681752672534189487126593126953847539478216
128594673657381942934276851465719328291843765783652194342167589579438216816925437
973526841658491723214837965729148536845263197136975284391784652487652319562319478
973625841568491723214837956726148395849253617135976284391784562487562139652319478
697382541851649723234175689563891472782463195419527368945718236178236954326954817
821593674579461382634278159452819736916347825783625491395186247267934518148752963
183279645679451823245863971516924387738516492924387156491735268867142539352698714
286713954754896312193245786861359427937124865425687139342961578578432691619578243
467825391981367452523194678249781536318659724675243189836472915792516843154938267
962574813485931762713268549651842937398715624274693185837456291129387456546129378
492681753658379412173245869247916385519738624836524197364192578721853946985467231
592681743648397512173245869257916384419738625836452197965123478321874956784569231
128735964697481523345962178953678412481529637276314895819257346734896251562143789
497365821156842937283719645748136259965278413312594786839457162574621398621983574
468375921157942638293816745849167253375289416612534897936458172584721369721693584
497365821156482937283719645748136259965278413312954786839547162574621398621893574
468975321157432968293816745849167253375289416612354897936548172584721639721693584
487365921156492387293718645749136258865279413312854796938547162574621839621983574
586712349794638512213945768821574693935861274647329851472186935358497126169253487
521948673876531942934267158418679235793852416265413789349186527182795364657324891
871352946645789312293164875912473658387625194564891723759238461428916537136547289
871532946645879312293164875912748653387625194564391728759283461428916537136457289
482597631157386924693214785874653192315972846269841573931468257728135469546729318
492658731518937624763214859384761592956382147271549386139475268825196473647823915
673892541958147623214356789189725436435961278726483915392678154541239867867514392
498562731561837942273194586382475169649321875715689423934756218126948357857213694
257963814946851372183247956621478593839526147475139268592684731368715429714392685
451729368876431952923568741682354179395217486147896523734182695568973214219645837
581672943647839512293514768968241375324957681715386294872195436436728159159463827
836795421975142683124386759348251976261937845597864132682413597453679218719528364
273869451658471923194235876581793642346512798729648315962184537417356289835927164
176932854945678312283145679358729461419586237627314985891253746764891523532467198
286734591597162438314859672963248715128675349475391826752983164839416257641527983
796821345845673912123945867387519426419268753652734189571496238238157694964382571
165782943847369512293145768782654391354918627619273854931826475478591236526437189
649327851785961324123845697892513476537694182416278935378156249264789513951432768
692857341457136892183294675839461257564372918721589463348615729275948136916723584
862791543459368712173254896394175628517682439286439175748523961921846357635917284
749562381561938742283174956392485167674321895815697423437856219126749538958213674
782651943459378612613294857241937586968425371375816294534169728196782435827543169
782651943469738512513294867241967385958423671376185294634519728195872436827346159
591723864846591372273648951789162543614359287325874196962435718458217639137986425
761928345548673912293145867482351796136789524975264183659832471317496258824517639
897621453564378912213945786932864571186597324745132869471283695628459137359716248
675921843834576912291834675748615329356492187912783564163249758489157236527368491
647932851195768423328145679934826715781594236562317984259473168473681592816259347
862397541795641823134285796583916472416872935279453168921534687647128359358769214
576832941189467523234915768953286417421793685768541239392678154845129376617354892
952871634748536912163294875829715346617348259435962781576423198294187563381659427
761892543845637912923514768639275481582461379174389256497128635358946127216753894
273964851469158723185273469821346597546792318397815246712589634638421975954637182
856412937743896512291573684384125796567349821912687453139754268428961375675238149
872691543946538712513274698291847365458369271637125984324986157765413829189752436
965284317847931652213567948192345786354678129786129534671452893439816275528793461
165284397847931652923567148219345786354678219786192534671459823432816975598723461
972681543846539712513274698281947365459368271637125984324896157765413829198752436
912583674568471932734629851176295348389164725245837196627948513491356287853712469
781234956465971382293586147932845671154367829678192534826459713349718265517623498
961275843745863912283194576852647391419352768637981425376529184124738659598416237
721934856465871392983526147839245671154367289672189534296458713348712965517693428
467823951518679423239145678195436782723598146846712395354267819981354267672981534
479623851165879423238145679514936782723584196896712345357268914941357268682491537
632857941789641523145293867493782615561934278827165439914576382256318794378429156
942761583675389412183524976468972351317458269529136748234615897851297634796843125
756491823439826571182753649941675238268934715375218964524369187693187452817542396
785263941961748523234195867812934675649572318357681294593427186428316759176859432
872561943945378612163924875697842351314795268528136497239617584451289736786453129
982761543745389612163524978678942351314857269529136487237615894451298736896473125
962851743548637912713294856394125687687349521125768439476513298851972364239486175
562783941498561732713924685241897356856432179379156824937215468685349217124678593
562738941497561832813924675741892356256473189389156724938215467675349218124687593
271584963859361742634297158792618534485723691316459827563172489128946375947835216
215843976896571432734296158429718563358624791671359824567182349142937685983465217
286937541495681723731245689528194376964723815317568294152379468643812957879456132
856732941174689523329145768985413672261597384743268159498376215517924836632851497
286937541945681723371245689852194376694723815137568294729456138463812957518379462
987432651651897423234156789842961537516378294379524816163245978795683142428719365
652894317498731652713526849369482571584167923271953468927648135145379286836215794
157982643648357912293614785389275461461839257725461839936128574514796328872543196
871625934645379812293814576728436195439157268156298347962783451387541629514962783
972536841546781923183294675295613487317842596468975132739158264654329718821467359
276938541495671823831245679527194386314867295968523714152389467643712958789456132
971523684568471932234689157726195348389764215145832796612948573497356821853217469
591862743487395612263714589976281354358947261124536978735428196642179835819653427
971523684568471932234689157726195348389264715145837296612948573497356821853712469
923687541765941823814325697459716382237859416186432759571268934398174265642593178
762385941548691723193742586234159678819476235657823419981264357325917864476538192
861792435594836712273154698786925341345681279129347586412579863937268154658413927
986321457754986312123745896549213768312867945867594123275139684431658279698472531
192837645678541923345269817931685274584372169726914538469153782217498356853726491
921654873658731942734289156397815624816342597245976381572193468463528719189467235
678432591951867423234915876182753649569124387347698152493286715716549238825371964
597621834648397512213584796364875129982136457175942683731268945459713268826459371
297651438465387912183924765849135627316792584572468193738516249951243876624879351
426859713985371462713264859861493527394725186257186934542938671138647295679512348
784521963593867241162934758925148637341675892678293415456712389219386574837459126
637948251891572643245613789589364172712895436364721895923486517476159328158237964
657812934348597612192634857781425396235986471964173285579248163416359728823761549
912568473587341962634927158849156237163782594725493816471839625356214789298675341
879263451651479823324185967743851692592634718186792345438526179217948536965317284
632478591857961423914325876783152649469837152125649387598716234246593718371284965
821564793576391482934728651789215346452683917613947825397452168165879234248136579
681247953745931862293568147438126795156379428927485631562814379879653214314792586
798342561561897324234156789846719253315284976972563418129478635487635192653921847
365419827891762453247853169923547681174286395658931274486395712532178946719624538
632478591857961423914235876783152649469387152125649387598716234246593718371824965
892675413547391862613248957961723548384956721725184396476532189159867234238419675
672381594485967312913254786531648279897123645264795831326819457158472963749536128
672981543845637912913254786581463279397128465264795831426819357158372694739546128
893427651576891423124365879948512367761943582235678194682139745357284916419756238
312847569867591423945362871534689217691274385278135694759426138123958746486713952
462975831758631924193842756981263475527184693634597218349756182276318549815429367
942583617568741392173926845734198256891652473625374981459267138386415729217839564
142593687568741392973826145734918256891652473625374918459267831316485729287139564
942583617568471392173926548437198256891652473625347189759264831386715924214839765
142593687568471392973826541437918256891652473625347819759264138316785924284139765
356892741987416523214735689593281467461957238728643915149528376872369154635174892
568723419947561382123849756459386271836217594271495638792638145615974823384152967
952836741867491523134752698213589467579614382486273159698347215721965834345128976
725864913496371582813925647631789425982546731574132869349258176167493258258617394
462897531857613924193245876385126497674359218921784653216938745538472169749561382
261549738957381642834672195578423961349156287612897453426735819195268374783914526
261547839758391642934682175589423761342176598617958423426835917175269384893714256
261549738957381642834672195578423961349156287612897354426735819195268473783914526
261594738957381642834672195578923461349156287612847359425739816183265974796418523
261547839758391642934682175589423761342176598617958324426835917175269483893714256
721495638965381472834267195586974321493152786217836549352649817178523964649718253
498752631765138429123694875574923186319867254286541793857419362631275948942386517
698312745754896312123745698386579421247183956519624873971238564435961287862457139
679312845854976312123845796396587421247193658518624973781239564435761289962458137
763529841914678523825134697398245176542716938176983452259867314487351269631492785
782359461465871392193624857821765934974138526536942178349217685657483219218596743
382764951756981423194235678841576239563129784927843516435617892219458367678392145
258963741169487523374215869791834652435629187682571394943158276827346915516792438
682537941759481623314926857478153296591268734236794185143872569927645318865319472
263987541578461923194235867982316475715849236436752189649178352327594618851623794
293687541578491623164235897982316475715849236436752189649178352327564918851923764
576812349948376512213945876721583694389264751465197238692731485134658927857429163
512746983698351742734892156926138475345679218871524639487265391169483527253917864
512794863687531942934286751498165237125473689763928415871349526349652178256817394
521694783876531942934278156492185637183967425765423819217349568349856271658712394
512694783867531942934278156496785231183926475725413869671349528349852617258167394
648571293357928461192634587934815726275346819816297345523189674481763952769452138
721583964598461372634729851463852197819347625275916438386175249152694783947238516
968321457475698312213745869384216795521879634796534128852167943147953286639482571
685937412471652893932148657897213546214576938563894271329481765148765329756329184
512893674867451392934672158379524816425168937186937425291786543758349261643215789
521893674876451392934672158397524816452168937168937425219786543785349261643215789
695387412471652983382149657937218546214576839568934271823491765149765328756823194
521893674876451392934672158397524816452168937168937425219746583745389261683215749
567832941841957623923164785498215376375486219216793854634528197152379468789641532
621583974589741632734926158375894261918265347246137589497352816152678493863419725
512873496679541382834926157347198265981265734265734918496352871123687549758419623
582973416679541382134826957347198265891265734265734198416352879758419623923687541
698721345547639812213845967851476239329158476764392158936217584482563791175984623
851692734946837512723514689672489153485361297319275846534728961167953428298146375
592783641847516923163924875671835294425169738938247156714398562256471389389652417
782536941459781623631924875963817254245369718178245396817652439526493187394178562
982736541457981623631524879763815294245369718198247356819672435526493187374158962
921754863576831492834269751419675238257983614683412975162398547398547126745126389
912754863576831492834269751429675138157983624683412975261398547398547216745126389
976832541851479623324156987462913758519728364738645219183267495295384176647591832
951682743486937512723145689579824361318596274264713895132468957695371428847259136
726854913458391762913267548361928457892745631574136829235489176149673285687512394
912385746678941523345267918791826435584173692263594871839452167426718359157639284
975382461861974523234156987598417632413628795726593148147239856389765214652841379
895621743734958612162734859546872391289315476317496528953267184421583967678149235
529684137786351942134297658491826375257913486863475291372569814918742563645138729
675382941198764523234195768741853296356927814829416357582671439417239685963548172
132897654896451723745362198451923876963748512287615349528139467314276985679584231
549217863736598421182634975291475638357986142468123597825749316614352789973861254
367289451859471623124356798471593862692814375538762914945137286286945137713628549
812743965697851423345269187971635248534982671268417359489176532156328794723594816
427538961869172543531946278614827359982453617375691824156384792798215436243769185
946872351851639427273145689487923165319567248625481973534218796768394512192756834
248957631567831942193264785981742356435619278672583194859326417324175869716498523
867921354954683712123745896475398621239164587618257943386419275542876139791532468
253769841967841523184325967872953416539416278641287359416538792395672184728194635
253769841967148523184325967872953416539416278641287359496531782328674195715892634
365917284489652371172834956951476823628193745734285169297561438513748692846329517
375618294496752381182934756651487923729163845834295167268571439513849672947326518
695712384473658291182934756751486923269173845834295167328561479517849632946327518
426859317758431962913267548865712439349586721172394685297648153584173296631925874
427695813569831472813247956951372684784169325632584197398756241176428539245913768
962378451458612793731945826829537164314269578576184239243856917197423685685791342
879621543456378912213945867192456378368217495745839126537164289684592731921783654
625398741891647523734125986253479618469813257178562439942731865386954172517286394
682371945745896312193245678856713429417962853329584167531629784268437591974158236
491672853657389412283145796839726541516493287724851639368214975175968324942537168
562738941497561823813294765934175682628943157175682394359416278741829536286357419
962743851157698423384215796895374162421956387736182945649531278573829614218467539
962743851157698423384215796895374612421956387736182945649531278573829164218467539
683792541579146823124385679895261437461873295237954168746519382912638754358427916
653982741897416523214735698586271439431859267729643185172368954365194872948527316
958723461176948523324156798469837215735612984812495637583264179241379856697581342
742986351598731624613245879329517486465829137187364295936152748874693512251478963
592716384476839512183245967861457293359628471247391658735982146614573829928164735
967283451185497623324156978472915386816734295539862147248671539693548712751329864
821594367675831492934672851389217645416958273257463189592186734163749528748325916
786321954954867312123945678372416589519738246648592137297154863461283795835679421
798321645654978312123645879372416598516789234849532167267154983481293756935867421
258937461674851392193246587781493256539762814462185739946378125317529648825614973
765294813498351762213867549351628497829745631674139258936482175142573986587916324
865923741941678523327145896579316482413782965682594137736859214258431679194267358
652783941789146523314295687975831462431962875268457319823574196196328754547619238
765928341489371652123645879592713468617284935834569217348197526976452183251836794
697812534534796812218534679789261345145389267362457981823175496951643728476928153
652783941987146523314295687579831462431962875268457319823574196196328754745619238
679823541158479623324615978291386754537942186846751392465237819783194265912568437
721345986598761432634829751349182675186574293257936148872413569415698327963257814
521793684968541372734286159385924716496175238172638945819352467253467891647819523
623895741598741623714263895871432956459618237362957418937184562186529374245376189
827913456695478123314256789271685394938124567456739218543892671169547832782361945
526937814987451362134862759371529486245678931869143275653284197418796523792315648
481567293536928471792134568827456139359812746614793852945681327278349615163275984
379286541586941723124375698861752439792438165435619287948527316217863954653194872
596283741178946523324175689963752418782419365415638297849527136237861954651394872
852634917467981352913527648629318475384756291175249863741862539236195784598473126
123978654697451823845236719519624387738519462264783195981342576472865931356197248
481725963576391482923648751839572146145963827762184539357816294298437615614259378
842637591569182743713945286928471365135296478476358129251864937387529614694713852
542637981768912543193845276821479365935286417476351829259164738317528694684793152
976823451158467923324915678291384567837652149645791382589236714763148295412579836
526893714489571362713264958231947586874625193695138247952786431367419825148352679
867392451195648723234175869589234617423761985716859234942516378358927146671483592
795328461681497523324156798412783956936215874857964132543872619178639245269541387
526819734489367512173245689691478253832651947754923168947186325318592476265734891
512493786697581432834726159971265348358149627246837915469358271183972564725614893
476912853598376412123845679385624791912587364764193285251738946637459128849261537
756921348948376512213845967132597684589264173674183259861732495395418726427659831
376892451958714623214356978681235749427189536539647182192578364763421895845963217
792584613458361792163927845534792186871643529926815374647139258319258467285476931
839641572746529831152783946691854723425937618378216495567192384283475169914368257
962387541548612793731945286829473165315296478476158329253864917187529634694731852
879621543456378912213945867192456378368217495745839126637184259984562731521793684
861572943457369812293814765346291587582736491179485236935128674728643159614957328
658932741491876523372514689984125367235768194167349852516493278729681435843257916
812954763596731482734268951943586127681327594275149836357492618428615379169873245
571426983698351472234978156412739865385614729769285341957142638123867594846593217
756912483834576912192834675948725136561483729327691854273149568485267391619358247
781243965456791382923685147642879531895132674137456829378914256569327418214568793
897621354456873912123945786741586239269134875385792461632418597574369128918257643
479621853658379412123845769792516384514738926836492175367154298981263547245987631
978321645546987312123645798752193864894762153631458279369274581287519436415836927
967832451451769382283154976839275164675491238124683597792518643348926715516347829
692157843457938612813264759349782561578613924261549387936425178725891436184376295
789621435564379812123845976912586347346217598857934621438162759691753284275498163
987621354456873912213945786741586239629134875835792461362418597574369128198257643
958712643476389512123645978289451367317896425645237891532164789861973254794528136
796812354458963712213745869831594276562178943947326581379681425625437198184259637
921574863865931472734628159498167235173852694652493781346289517517346928289715346
326978154987541623145362789271896435539427861864135297612759348498213576753684912
312946857659871423784352916961583274428697135537214698193768542875429361246135789
812654973795381642634279158429817365178563294563942817347126589956438721281795436
971832456658479123234615897546783912783291564129564738497126385812357649365948271
142793685768451392953826741437189526891562437625347918579238164216974853384615279
284567931657391842193824756942715368315682479768439125539176284471258693826943517
865912734794386512123745698981523476346879251572164983619258347258437169437691825
758426913649371582123589746481237695392615478576894321965142837237958164814763259
723654981698172453145389726539268174471935862286417539917823645862541397354796218
897423561615879423234156798469512387371984652582367914953248176126735849748691235
253798461789461523164325978431579286592816734678243159846157392325984617917632845
256891743947356812183274695698123574412567389375489261721645938539718426864932157
981723645756491823234856971178542396492368157365917482643279518517684239829135764
368572941574916823291384576943857162126439758785621394852743619617298435439165287
123978645768451923945263871481625397536719482279384156692147538357896214814532769
921465873587391642634287159398124567746958321215673984469512738172836495853749216
952761834476358912183294765794615328315872649268439157539127486647583291821946573
796821345854379612213645798529483176467192853381567429938754261642918537175236984
847921635596387412123645798639574281285196347714832956971468523468253179352719864
792851643548637912613294857386942571251376498479518236967125384125483769834769125
681729354457386912923145876812567493346891527579234168738952641165473289294618735
789612453456379812213845976934127568567438291128956734371294685645781329892563147
789612453456379812123845976934127568567438291218956734371294685645781329892563147
695732841147658923283914576376295418851463297924871635468127359519346782732589164
685732941147659823293814576368275419951463287724981635479126358516348792832597164
698123745754689123231745869149236587586417392327958416872364951915872634463591278
786529413594371862213864759359748126421635978678192534862417395947253681135986247
786923541514867923329145768195736482642581397873492156938214675251679834467358219
786923541514867923329145768195736482643582197872491356938214675251679834467358219
987423561651987423234156897849631275512798634376245918195364782728519346463872159
691274853745831692823596147489127365532968471176345928364712589218659734957483216
871932546695481723234756198958263417416579382327814965162345879589127634743698251
871932546695481723324756198958263417416579382237814965162345879589127634743698251
591732864786491523234856179659273418417685392328914756162347985945128637873569241
981732456756491823234856179649273518517684392328915764162347985495128637873569241
591732864786491523324856179659273418417685392238914756162347985945128637873569241
981732456756491823324856179649273518517684392238915764162347985495128637873569241
296781534748536912153294678982175463415623789367948125831469257624857391579312846
783921654965478123124356897457692381612783549839514276248167935391245768576839412
741892653698357412253164789982641375517923846364578291439716528176285934825439167
691327845457968312283145796569731284832496571174852963348219657715683429926574138
437965821598142367261738945329851674856274193714396582143629758982517436675483219
926375481578142936134869725315987264842631579697524318453718692789256143261493857
769253841841697523352814796984325617235761984176948352527439168618572439493186275
682397541597641823314285679873916452429853167165472398731569284946128735258734916
756894231489312576123567984238451769615279843974638125592746318347185692861923457
678251934459638712213974856347892561982516347165347289721485693596123478834769125
678251934459638712213974856347892561982516347165347298791425683526183479834769125
672951834459638712813274956347892561928516347165347298791485623586123479234769185
875293461196847523324156897582914376439762158761538942647389215258471639913625784
521376984689451372734928156957132648142867593863594217318649725475213869296785431
912576483658341972734928156479152638123867549865493217581639724397214865246785391
678293541159748623324156879942517386736982154581634792465379218297861435813425967
879243561156789423324156987492817356738562194561934872645378219287491635913625748
978243561156789423324156897492817356735962184861534972649375218287491635513628749
864921357957638412213745698349216785721584936586379124492157863175863249638492571
267319854945687312183245796328561479456792183719834265892153647674928531531476928
245798631678531924193264857467982315319457286582316479936125748854673192721849563
296817354745693812183245679357921468419568237628374195832159746964732581571486923
798312654645897312213645798932458176864971523571263849359126487487539261126784935
859721634746398512213645987182579463937264851564183279691832745328457196475916328
176832954845679312293145687358926471417583269629714835931258746764391528582467193
512794863867531492934286715791342586453168279628957341386429157145673928279815634
296781345745693812183245679358916427479532186612874953937158264864327591521469738
785621349469378512123945867842567193516493728397182456971234685658719234234856971
425987631697351824813624795948175362751236948362849157134568279279413586586792413
451926873687341952923578146762859431345162798198437625839214567574683219216795384
793682451658147923214395768861924537427513689539876214182769345376451892945238176
867312945549678312123945768381597426956284173274163859792851634438726591615439287
561782943748395612293614578972853461354261789816479235639548127187926354425137896
582671943647839512193245786871453269439162857265987431956714328328596174714328695
582793461167452398934186752415928673629374185873615249758241936391567824246839517
956271348487356912213894756349562187872913465165487239538129674624735891791648523
542763918786491352193528647821374596439652871657189423978246135365917284214835769
254768913798531462613942857381425796467319285925687341546293178139876524872154639
897612345645398712123745896958271634416539287732864159269153478374986521581427963
496582731851367924273914856367291548548736219129458673934625187715849362682173495
912576483578341962634928157497152638153867294826493715781634529345219876269785341
891732645576481923234956178948173562163295487725648391659327814312864759487519236
186329754945867312273145698357982461419536287628714935562498173834671529791253846
197832654856794123234156987463927815519648732728315469941263578375481296682579341
297831564856794123134256897463917285589642371712385649948163752375428916621579438
397821564856749123124356987462917835589634271713285649948163752275498316631572498
698712435754386912213945768875123649349867251126459387531274896487691523962538174
698721453754386912213945786875213694349867125126459378532174869487692531961538247
678243951951876423234195876483762519519438762726951384367519248895624137142387695
798312654645897312123645798932458176864971523571263849359126487487539261216784935
687312954945876312123945768358761429462598137719234685296157843834629571571483296
762918345458637912913245876635782491149563287287194653396871524821456739574329168
897621345645983712123745869359276184468519237712834956936152478274368591581497623
579263841681947523234815967928136475456792138317584296745621389193478652862359714
394527861785691423216834795972145638631278954548369172823716549169453287457982316
867293451591478623324165897182936745745821369936547182453619278278354916619782534
875293641961748523324165897258436719619872435437519286183627954546981372792354168
148927356957386412263145987682573194514869273739412568371258649496731825825694731
158972346947368512263145987682437195514896273739521468371284659496753821825619734
472935861859641723163287945914763582526418397387592416638159274791324658245876139
462935871859741623173286945914873562526419387387562419738154296691328754245697138
462935871859741623173286945914673582526418397387592416738159264691324758245867139
657812943849376512213945768185493276972681435364257891596738124738124659421569387
982574613576391482134682759698215347241763895753948126465827931827139564319456278
476253918958641372213897645781536294392478156645912783527389461164725839839164527
267391854945678312183245796328516479456729183719834265892153647674982531531467928
387912456569478123214356879741695238853124697926837541492781365638549712175263984
796832451415679823328145769954286137632714985187953642849327516271568394563491278
592176834468935712173284596981452673327698451654317289749521368215863947836749125
812495673576831492934762158489526731765183924123974586347658219291347865658219347
798621345645379812123845769359218476472563198816794253281456937967132584534987621
782361954456897312193245687378612495529483176614759238861534729947128563235976841
812495673576831492934762158489526731765183924123974586348659217291347865657218349
879263451561947823234185796945736182612598347387421965453619278728354619196872534
561792834947368512283514769439125678678439251125687493896273145314856927752941386
296875413854931762173642859935428176461793285728516934542387691317269548689154327
987324651651897342234156798572481963463279185819563427398742516145638279726915834
183259764769841523245376981537618492916425378824937156492583617678194235351762849
912358764768941523345276819537619482896425371124837956481592637673184295259763148
856279431473816925129345768245983617681754392397162854914627583762538149538491276
538716924691482573742359168327594681415867392869231745986143257174625839253978416
976832451518794623234156897693285174847619235152347968725468319461973582389521746
795362841861749523324185976248591367539627418176438295913256784652874139487913652
789362541561749823324185976248951367935627418176438295813296754652874139497513682
821745963597631482634298157462157839389462571715389624976824315148573296253916748
721845693598631472634297158486152739379468521215379864962784315147523986853916247
821745693597631482634298157462157839389462571715389264976824315148573926253916748
821945673597631482634728159462159837389467521715382964276894315148573296953216748
821546973965731482734298651486172395517369248293854167652417839348925716179683524
856392741947816523213574698791625384325489176468137259539268417682741935174953862
946785321185432697273196845857943216394261578612578439461827953539614782728359164
912543687685791342734286951367952814429168735851374296593427168178635429246819573
263978451758641923194325876831257694947863512625419738582736149416592387379184265
968273541751648923324195867276831495843956712519724638492517386185369274637482159
792861354456937812183245697938612475527489136614753289261598743845376921379124568
946382571185697432273145968359826147417539826628714395791253684532468719864971253
825943671716852934934167285487219356192536748653478192569381427341725869278694513
312897645689541723745326189527169438893475216164238957931784562478652391256913874
792361854546789312183245679861452793359178246274936581938617425427593168615824937
976812534458379612123645789892457163361928475745136928637294851519783246284561397
876921534459378612123645798912456873368719425745832169587193246631284957294567381
281573946597461382634289157429816573816357429753924861965142738378695214142738695
973265841658741923214839765749182536582673419136594287891327654367458192425916378
612954873579831462834276951398147526241569738756328194927413685483695217165782349
768912345945378612213645897359826174127493568684157239571269483896534721432781956
812954763596731842734268159489125637123876495657493281961387524378542916245619378
821574693597361842634928157219836574386457219745219368462785931173692485958143726
132847659876591423945263817483675192569182374217439586754328961691754238328916745
873129645659478123214356798742591386186243957395867412467982531538614279921735864
823967541756481923914325876562198437479253618138674295681749352395812764247536189
138427965967581423245963871612849537584732196379615284751296348426358719893174652
527649318486531972913287645235916784174328596869754231351492867642873159798165423
691327854457968312283145796569431287832796541174852963348219675715683429926574138
642873915785941362193625748538169274271458639964237581456382197317594826829716453
246873915587941362193625748835769124721458639469132587654387291312594876978216453
249763815675841392183295647537618924926457138814932576451376289768129453392584761
782563194546891372193247856951432687278916435634758921317685249829174563465329718
521394786698571432734286159453912678982637541176458293267843915315769824849125367
957821634846397512123645798582913476314276859679584123261738945795462381438159267
896721345547936812123845796362598174951274683478163259719652438684319527235487961
127953486586741932934286751341675829895124367762398514459862173618437295273519648
547682931619357824283194756832475619971836542465219378156728493398541267724963185
652783941879146523314295786923478615485631297167952438541327869796814352238569174
952834671647192538813576924389257416526418397174963285761349852498725163235681749
658932741491786325273145896539621487826473519714598263347219658162857934985364172
945723816867491352213856947781234695536179428429685731192367584654918273378542169
761234895958671423234859617843596271172348956695712348427163589586927134319485762
791236845658471923234859617863945271172368459945712368427193586589627134316584792
496875321517932468823146957172498635389561742645723819961357284254689173738214596
217953846569481732834762195926574318783219564145638927452397681378146259691825473
762981354458736912193245876931428765286357491574169238647813529325694187819572643
265479813748361952193852746839124675521637489674985321982543167417296538356718294
695382741781946523234175689523817964948623175167594832852739416416258397379461258
624837951785961423913245876239586714571394682846712539497153268158629347362478195
517982643486357912923614785642839157839175426175426839391268574768543291254791368
579382641861749523234156897382961475146275389957438162693524718415897236728613954
685374921497812653123965748872193564319546287564287319956438172241759836738621495
253978461679412583184635729592386147438721956761594832947863215826159374315247698
796342581851769423324185976578234619419876235263951847642517398937628154185493762
726938451591742683834156297612893745459271368378564129963487512145329876287615934
726438951851792643934156287612843795549271368378569124463987512195324876287615439
215894637483576912679213485862745391591382746347961528924658173136427859758139264
275964813946831752183257946839475621657182439421396578362749185798513264514628397
876392451591784623234165978389426517462571839715839246947218365128653794653947182
876392451591784623234165798389426517462571839715839246947218365128653974653947182
986574321451362987723189645378416259694257138512893476135648792267935814849721563
293864571578912643164357289412783965937526418685491327851649732726135894349278156
812953674956741832734268159179584326468372915523196487391425768645817293287639541
915247683846931752723586149162375498439862517578194326357429861284613975691758234
732985164968471523145326879594618237683247915271593648427159386319864752856732491
789312654546897312123645978291456783837921546465783129972134865658279431314568297
562783941197542836834961275319274568428356197756819324945638712271495683683127459
756912834943578612281634597635489271879125346412763958194256783367891425528347169
965812734834597612271634589653489271789125346412763958197258463346971825528346197
865912734934587612271634598653498271789125346412763859197256483346871925528349167
529671834468539712713824956291387645835416279674952381356198427147263598982745163
956428713748391562213567948589674321421953876637182459862749135394215687175836294
957628341468371925123945876395216487712584693684793152231859764876432519549167238
761294583948351672253876941892137465315648729476529138639412857587963214124785396
957612834463978512812534796581426379234759681679183245398261457125847963746395128
567912843439678512812534769681429375294753681375186294958261437123847956746395128
786459321154732986293681745539148267462973518817526493978314652341265879625897134
452689731768351942913724865271893456539146287846572319394215678685937124127468593
468532971951867342723194856842375169639421785175689423394756218216948537587213694
957281643486537912123694758248316597391875264675429381839162475562748139714953826
367452981459681273182739645926173854841965327573248196738526419215394768694817532
682735941549861723173924658721489365894356217365172894957213486418697532236548179
981632475456879312273145698847923156319567284625481937534218769768394521192756843
856927341794381625213645789987213564345876192162459837538194276421768953679532418
591287634478653912623194785986745123314829567257361849739418256842576391165932478
217953846569481732834762195986274513723519468145638927452397681378146259691825374
579823641486591732123647985291784356365912478847356129938175264652439817714268593
765921834849376512213845679437598126592617483186234957378169245654782391921453768
496327581875961432213845769152736894348192657967458123581279346724683915639514278
762584913845931672193276548281645739356798421479312856637429185928157364514863297
496328751587961432213745869172836594345192678968457123751289346824673915639514287
842763915956481732173925846397642158564198327218537469421876593685319274739254681
293587641687941523145263789951834267732659418864172395379428156416795832528316974
897621354654389712123745968342816597918573246576492183269138475735964821481257639
897621345654389712123745986342816579918573264576492138269138457735964821481257693
875932641941576328623184579582617934394258167167349852416793285739825416258461793
847236951956871423123945768269714385418593276735628194382159647674382519591467832
812547693756391482934628157395864721428719365167253948549172836281936574673485219
671285934845639712293174586987523461316847295452961378738456129164792853529318647
287916354645738912193245768352891476468572139719364825836159247974623581521487693
549723681876591432123648975291874356365912847784356129937185264652439718418267593
721594683589361472634782159497215836253846791816973524342158967968437215175629348
751892436468537912293164857635971284982453671174628593549716328316285749827349165
246719853759368412183245679961423785532187946874956231498631527327594168615872394
748612953956387412123945768892534671614879325375126894461293587587461239239758146
512394867798561342634728951423815796965237184871649523349152678157486239286973415
521394867789561342634728951342815796956237184817649523493152678175486239268973415
267891354854376912193245768471583629932764185685912437349628571518437296726159843
876423951591876423324915678245739186167548392938261745453187269682394517719652834
978621354645893712123745986386519427419237865752486139237154698894362571561978243
512396784678541932934287156861954327295873641743612895357468219486129573129735468
512963784678541932934278156891354627265897341743612895357486219486129573129735468
285691473467358912193724586934175628516832749728469135879513264351246897642987351
253698741769412835184753296895361427426879153317245968542186379638927514971534682
867912543495367812123845697231496758586731924974258136752184369318629475649573281
568932741491867532723154986382745169649321875175689423934576218216498357857213694
967821354845397612123645798612734985359182476478569231591276843736418529284953167
583726941679451823214938657928147536457263198136895274391584762762319485845672319
673825941589471623214936758897243516425167389136589274351794862762318495948652137
327846591851972463694315872482569317913427658576138924245793186739681245168254739
837645921596182473124739658762351894419867235385924167978516342253498716641273589
532986471698741523714325986983164752456278139127539648871652394265493817349817265
581276943649531872723948156192483765867125439354697281938762514475319628216854397
758612943964387512123945768892536471416879325375124896541293687687451239239768154
591846273386752941472193865723684159814539627965271384647318592158927436239465718
148627953765839412293145876352714698419568237687392541931256784824971365576483129
935817462487256391162934758791468523824593176356721984649185237578342619213679845
961274583748351692253896741892137465315648927476529138637412859589763214124985376
659382741781496523234715698892153476543867219176249385317628954425931867968574132
687912435495376812213845679349681257156237984872594163734169528921758346568423791
451267839978351462263894157649573281825149673317628594534782916782916345196435728
512743896679851342834296751341675289295184637768329514457968123186432975923517468
512743896679851432834296751341675289295184367768329514457968123186432975923517648
362794851957681423184235769879546312425317986613928574246873195538169247791452638
392867451857491623164325798285716349416539872739248516571983264648172935923654187
967251843548937612123864795492185376376429158815376924639512487281743569754698231
394682751856971423217345896189724635563198274472563189735216948628459317941837562
257961384946387512183245679869713425315429768724658193432196857678532941591874236
789612543456398712213745968861459237534827691972163485695281374348576129127934856
735916482498257361162834759871469523924583176356721894647195238589342617213678945
738951462495276381162834759871469523924513876356728194647195238589342617213687945
837916452496275381152834769781459623924163875365728194548691237679342518213587946
482596731956371824173824659249715386365248197718963245691432578534187962827659413
487526931956371824213894657749215386365748192128963745691432578534187269872659413
482596731956371824173824659249715386365248197718963245621439578534187962897652413
712894563459361872683725941537918624941256738268437195196543287824179356375682419
895324617647591382123786945584213796369847521712965834236458179971632458458179263
621598473954371682783624159562743918348159267179286345497862531816935724235417896
496735821587412396123968745239854617864173259715296483672589134358641972941327568
796843521851672439324195768513729846647518293982436157278964315465381972139257684
968532741451867932723194586832475169649321875175689423394756218216948357587213694
956182734847536912213794685498271356361459278725368149139825467572643891684917523
267591843948637512153824769429185376375462198816379254532916487681743925794258631
287916354645783912193245678356891427419527863728364195832159746974632581561478239
789612543456398712213745986861459237534827691972163458695281374348576129127934865
851629743497358612623174859246981375318567924579243186932815467164732598785496231
157982364849376512263145897986724153324591786715638249431259678678413925592867431
832764591765912834914358267487295613291637458356481729573146982649823175128579346
496871523537926841182534679849715236265493718713268954328159467971642385654387192
156792843947386512283145697698574321732819465415623789369258174574961238821437956
869372451571684923324195678435826719716539284298741536943217865157968342682453197
812973654976541823345862719539487261461295387728136495684759132157328946293614578
856927341941386572273145968325671894684592137197438256412759683769813425538264719
835912764749685312162734598498571623351246879627398145284157936573469281916823457
876512934543798612192634857651927348324856791789143265935271486467385129218469573
946752831751638924283194675879523416362481759514976283427319568635847192198265347
923687541856941723714235698597163482468792135132854976681379254375426819249518367
176952834948736512253184679895271346327645198461398257532469781684517923719823465
698152743457938612213674895849215376375469281126783954781346529562891437934527168
972651834456738912183294675698143527517982463234576198849317256725469381361825749
245761839768935412193284765651897324982453671374126598439618257816572943527349186
961275843745863912283194576852647391419352768637981425376519284124738659598426137
253764981867912543194358276971235468542876139638491752385127694416589327729643815
651892734497536812283174659842961375319457286765328491976213548534689127128745963
781652943649387512253194786367549128195268374428713695932875461576421839814936257
352987461879641523164325987643718295925463718781259634596134872417892356238576149
352796481967841523184325796843619275526473819791258634678134952415982367239567148
352698471968741523174325698743819265526473819891256734687134952415962387239587146
971528634458637912263914857892465371315792486647183295536841729784259163129376548
271598634458637912963214857892465371315729486647183295536841729784952163129376548
871625934645379812293814576728436195439157268516298347962783451387541629154962783
952631748486957312173284659891763524364512897725849163539476281647128935218395476
762891534948357612513264879291746385856123947374589261427938156689415723135672498
952781643487936512613254798291865374745123869368479251824697135579318426136542987
761982534845736912293154768136498275589273641427615893912847356378561429654329187
182359674796841523345276981523418796917625438864937215439582167678194352251763849
183259674796841523245376981532418796917625438864937215429583167678194352351762849
632975481798142563145368927513429876427681359869753214981536742276894135354217698
762891534948357612513264897291746385856123749374589261425938176687415923139672458
952781643487936512613254798291865374745123869368479251829647135574318926136592487
862371945547689312913245678385716429674952183129834756498123567731568294256497831
651297843947638512283154697469781325815326974732945186578413269324869751196572438
921456873685371942734928156592714368176583294843269715459837621317642589268195437
853692741796148523214375896475923618621587439389461257568239174137854962942716385
467935821591872463823146957172498536389561742645723198916357284258614379734289615
467935821591872463823146957172498536349561782685723194916357248258614379734289615
167892345458367912923145768345781296891623457276459831639218574784536129512974683
412859736985736412763124895826417359397685241154293687571368924248971563639542178
685712934437895612912634587849371265256489371173256849791568423364927158528143796
621975834475386912983214576769523481318749265254861793836457129147692358592138647
421586937586397412793214658874623591319845276265971843937468125148752369652139784
852691743649357812173284965321946578596872431487513296934125687218769354765438129
176592843548376912293184675752439186864751329319628754435867291981243567627915438
451923768896751342723648951932485176685137429147269583579812634368594217214376895
526879314948351762713642859861493527394527681257186943482935176135764298679218435
687923451145786923293145768951637842876412395432598176568374219314259687729861534
761952834954837612283164759849215376375649281126378945437526198618493527592781463
629743581751986423834215796983571642472368915165492378246137859598624137317859264
628594713549371682713826945462715839395268174187943256971452368856139427234687591
416257389387469521592813674123985467945736812678124935739642158854371296261598743
687923541154786923293145768941637852876512394532498176468359217315274689729861435
851627934647938512293145786938756241514892367726413859369284175175369428482571693
285693741961748523374125968792831456853467219416952837648519372129374685537286194
542683197798451632613927458129864375357192864864375219481739526276518943935246781
542683197789451632613927458291864375357192864864375921428739516135246789976518243
621583974587491632934276851195764328243815769768932415476159283319628547852347196
849521763753689412162734985691275834324918657578346129417853296236197548985462371
839521746457689312162734985691275834324918657578463129715846293243197568986352471
748621953569387412213945867354792681982164375176853249437218596625479138891536724
857612943946387512213945876698574321371829465524163798185496237462738159739251684
759612843648397512213845976986574321371928465524163789195486237462739158837251694
912746853648531792753829146439218675581367429276954318327485961195673284864192537
812746953649531782753298146438129675591367428276854391327415869164982537985673214
879621543546387912213945768367819425198452637425736189932174856751268394684593271
572968413489351762163247958956814237318672594724593681637485129291736845845129376
972568413458391762163247958689714235317652894524983671836475129291836547745129386
651297483748351692923846157519784236264513978837962514396475821182639745475128369
796823541845671923321945786289156374673482195154397862417239658568714239932568417
792561834564837912183294756348915627619372548275648193931486275857123469426759381
794685321815342976263719845378256194952431768146978532689123457431567289527894613
682591734594736812173284659847915326319862547265347198931478265756129483428653971
764821935598376412213945786872594361341682597659713248426159873937268154185437629
237694851659812473814357962528746319143925786796183245461279538985431627372568194
782951634496387512153264789847195326365842197219736845921578463534619278678423951
359478261867912543124653789598341672472596138613827495281769354946135827735284916
278931654659478123134256897943817265517624938826395741762143589395782416481569372
178932564659478123234156978943827615517694382826315497761243859395781246482569731
784621935956387412123945768368592174247813596519764823832479651491256387675138249
571692834846537912293184675784925361365841729129376548937418256612759483458263197
456837921917562348823914756172498635394675182685123479539241867241786593768359214
748621953965378412123945786459716328371892645286534179537189264614253897892467531
